leaf
3411460,148721,3154
3411527,1537,3149
3411527,5971,3149
3411527,9570,3149
3411527,10009,3149
3411527,13550,3149
3411527,13789,3149
3411527,14961,3149
3411527,20995,3149
3411527,22208,3149
3411527,23968,3149
3411527,24002,3149
3411527,26419,3149
3411527,27277,3149
3411527,31247,3149
3411527,32514,3149
3411527,32665,3149
3411527,35843,3149
3411527,36229,3149
3411527,36488,3149
3411527,37449,3149
3411527,39374,3149
3411527,39660,3149
3411527,41638,3149
3411527,47496,3149
3411527,48183,3149
3411527,49045,3149
3411527,55927,3149
3411527,56387,3149
3411527,58333,3149
3411527,61653,3149
3411527,61986,3149
3411527,67075,3149
3411527,70962,3149
3411527,72460,3150
3411527,74207,3150
3411527,74640,3150
3411527,78528,3150
3411527,79121,3150
3411527,81029,3150
3411527,83223,3150
3411527,83294,3150
3411527,84401,3150
3411527,87164,3150
3411527,88405,3150
3411527,90535,3150
3411527,95722,3150
3411527,97490,3150
3411527,99058,3150
3411527,100733,3150
3411527,101027,3150
3411527,104245,3150
3411527,104832,3150
3411527,104881,3150
3411527,104962,3150
3411527,106074,3150
3411527,107382,3150
3411527,109254,3150
3411527,109267,3150
3411527,109439,3150
3411527,109857,3150
3411527,112883,3150
3411527,113909,3150
3411527,115906,3150
3411527,116627,3150
3411527,117509,3150
3411527,117963,3150
3411527,120984,3150
3411527,124020,3150
3411527,124615,3150
3411527,128517,3150
3411527,130813,3150
3411527,131187,3150
3411527,132738,3150
3411527,135172,3150
3411527,136222,3150
3411527,138932,3150
3411527,141679,3150
3411527,141823,3150
3411527,143624,3150
3411527,144493,3150
3411527,146522,3150
3411527,147726,3150
3411650,19,3150
3411650,2472,3150
3411650,4649,3150
3411650,4848,3150
3411650,8852,3150
3411650,9452,3150
3411650,11091,3150
3411650,11533,3150
3411650,12111,3150
3411650,12901,3150
3411650,13343,3150
3411650,14502,3150
3411650,18122,3150
3411650,19156,3150
3411650,21918,3150
3411650,22700,3150
3411650,22971,3150
3411650,26820,3151
3411650,28424,3151
3411650,29010,3151
3411650,29630,3151
3411650,32776,3151
3411650,32847,3151
3411650,34106,3151
3411650,34947,3151
3411650,40149,3151
3411650,41003,3151
3411650,41006,3151
3411650,41607,3151
3411650,41840,3151
3411650,45635,3151
3411650,48658,3151
3411650,48921,3151
3411650,50266,3151
3411650,52919,3151
3411650,54126,3151
3411650,54449,3151
3411650,55805,3151
3411650,56301,3151
3411650,57953,3151
3411650,61252,3151
3411650,63625,3151
3411650,64226,3151
3411650,64315,3151
3411650,66305,3151
3411650,67067,3151
3411650,67662,3151
3411650,67832,3151
3411650,70236,3151
3411650,72268,3151
3411650,73039,3151
3411650,73133,3151
3411650,74447,3151
3411650,74909,3151
3411650,76715,3151
3411650,77312,3151
3411650,78154,3151
3411650,78574,3151
3411650,79019,3151
3411650,80840,3151
3411650,81694,3151
3411650,82243,3151
3411650,85144,3151
3411650,85703,3151
3411650,87921,3151
3411650,89964,3151
3411650,91203,3151
3411650,95718,3151
3411650,96296,3151
3411650,97485,3151
3411650,99167,3151
3411650,100084,3151
3411650,100403,3151
3411650,102020,3151
3411650,102539,3151
3411650,103921,3151
3411650,105154,3151
3411650,108585,3151
3411650,110448,3151
3411650,111720,3151
3411650,112368,3151
3411650,113690,3151
3411650,114278,3151
3411650,115882,3152
3411650,116049,3152
3411650,117487,3152
3411650,119497,3152
3411650,119565,3152
3411650,121961,3152
3411650,122598,3152
3411650,124830,3152
3411650,127144,3152
3411650,127786,3152
3411650,128962,3152
3411650,131683,3152
3411650,133326,3152
3411650,133558,3152
3411650,134151,3152
3411650,135778,3152
3411650,136279,3152
3411650,136297,3152
3411650,136802,3152
3411650,138352,3152
3411650,139281,3152
3411650,140525,3152
3411650,141481,3152
3411650,142859,3152
3411650,143363,3152
3411650,146554,3152
3411650,146767,3152
3411650,148451,3152
3411650,149217,3152
3412182,969,3155
3412182,11001,3155
3412182,12844,3155
3412182,17488,3155
3412182,17816,3155
3412182,19547,3155
3412182,20504,3155
3412182,21927,3155
3412182,33280,3155
3412182,33467,3155
3412182,41113,3155
3412182,43654,3155
3412182,45516,3155
3412182,46675,3155
3412182,49706,3155
3412182,50101,3155
3412182,55639,3155
3412182,57888,3155
3412182,59377,3155
3412182,63010,3155
3412182,63748,3155
3412182,64422,3155
3412182,65596,3155
3412182,65624,3156
3412182,67300,3156
3412182,71713,3156
3412182,72963,3156
3412182,75462,3156
3412182,81814,3156
3412182,101507,3156
3412182,106766,3156
3412182,107050,3156
3412182,108826,3156
3412182,111632,3156
3412182,112287,3156
3412182,113820,3156
3412182,118416,3156
3412182,118762,3156
3412182,120728,3156
3412182,123632,3156
3412182,124684,3156
3412182,133715,3156
3412182,135772,3156
3412212,5465,3154
3412212,6050,3154
3412212,8088,3154
3412212,9017,3154
3412212,13014,3154
3412212,15528,3154
3412212,19343,3154
3412212,25215,3154
3412212,32631,3154
3412212,34839,3154
3412212,39050,3154
3412212,40948,3154
3412212,41633,3154
3412212,43102,3154
3412212,47337,3154
3412212,49203,3154
3412212,51270,3154
3412212,64828,3154
3412212,67812,3154
3412212,68679,3154
3412212,69749,3154
3412212,72666,3154
3412212,74547,3154
3412212,76341,3154
3412212,79888,3154
3412212,81617,3154
3412212,84103,3154
3412212,87305,3154
3412212,89604,3154
3412212,93244,3154
3412212,95549,3154
3412212,99388,3154
3412212,99443,3155
3412212,101732,3155
3412212,102767,3155
3412212,104730,3155
3412212,109890,3155
3412212,112883,3155
3412212,116691,3155
3412212,118658,3155
3412212,121008,3155
3412212,121660,3155
3412212,121713,3155
3412212,122720,3155
3412212,122875,3155
3412212,126501,3155
3412212,126855,3155
3412212,127726,3155
3412212,129051,3155
3412212,134155,3155
3412212,145800,3155
3412212,147508,3155
3412431,4564,3157
3412431,4574,3157
3412431,12718,3157
3412431,22485,3157
3412431,30727,3157
3412431,33247,3157
3412431,35853,3157
3412431,37850,3157
3412431,40630,3157
3412431,41591,3157
3412431,44877,3157
3412431,46004,3157
3412431,52421,3157
3412431,52753,3157
3412431,54022,3157
3412431,56629,3157
3412431,61934,3157
3412431,69932,3157
3412431,70235,3157
3412431,74687,3157
3412431,75385,3157
3412431,79046,3157
3412431,79192,3157
3412431,96851,3157
3412431,97967,3157
3412431,100453,3157
3412431,103489,3157
3412431,106615,3157
3412431,110852,3157
3412431,119546,3157
3412431,119638,3157
3412431,123888,3158
3412431,127502,3158
3412431,130575,3158
3412431,132082,3158
3412431,142863,3158
3412483,16461,3156
3412483,21878,3156
3412483,28051,3156
3412483,55445,3156
3412483,57568,3156
3412483,74207,3156
3412483,80633,3156
3412483,83392,3156
3412483,83959,3156
3412483,90169,3156
3412483,91226,3156
3412483,93709,3156
3412483,95397,3156
3412483,105912,3156
3412483,113871,3156
3412483,117461,3156
3412483,120655,3156
3412483,133443,3156
3412483,135515,3156
3412483,137960,3156
3412483,140146,3156
3412483,144681,3156
3412483,145959,3156
3412632,601,3156
3412632,1147,3156
3412632,2832,3156
3412632,6501,3156
3412632,9139,3156
3412632,13753,3156
3412632,14927,3156
3412632,17464,3156
3412632,18701,3156
3412632,19444,3156
3412632,20098,3156
3412632,21328,3156
leaf578.txt
