leaf
3068327,7618,1962
3068327,7859,1962
3068327,9274,1962
3068327,10385,1962
3068327,13981,1963
3068327,14379,1963
3068327,16437,1963
3068327,16477,1963
3068327,17311,1963
3068327,18370,1963
3068327,20170,1963
3068327,20820,1963
3068327,24341,1963
3068327,25539,1963
3068327,27925,1963
3068327,30493,1963
3068327,30688,1963
3068327,32178,1963
3068327,32460,1963
3068327,38350,1963
3068327,38391,1963
3068327,45055,1963
3068327,46416,1963
3068327,52221,1963
3068327,54668,1963
3068327,58264,1963
3068327,58436,1963
3068327,61765,1963
3068327,62666,1963
3068327,62791,1963
3068327,63855,1963
3068327,64324,1963
3068327,64843,1963
3068327,65656,1963
3068327,68399,1963
3068327,69150,1963
3068327,71819,1963
3068327,71921,1963
3068327,73035,1963
3068327,74300,1963
3068327,76224,1963
3068327,76486,1963
3068327,80295,1963
3068327,80519,1963
3068327,82428,1963
3068327,85960,1963
3068327,87106,1963
3068327,89503,1963
3068327,92070,1963
3068327,96462,1963
3068327,97913,1963
3068327,100566,1963
3068327,102642,1963
3068327,107577,1963
3068327,113939,1963
3068327,117682,1963
3068327,122480,1963
3068327,122534,1963
3068327,124549,1963
3068327,124964,1963
3068327,125954,1963
3068327,127874,1963
3068327,129878,1963
3068327,130529,1963
3068327,133883,1963
3068327,133944,1963
3068327,134709,1963
3068327,138919,1963
3068327,141005,1963
3068327,145847,1963
3068327,148715,1964
3068327,148896,1964
3068554,864,1959
3068554,1021,1959
3068554,1484,1959
3068554,2493,1959
3068554,3133,1959
3068554,7014,1959
3068554,7186,1959
3068554,8142,1959
3068554,14840,1959
3068554,18851,1959
3068554,19492,1959
3068554,20101,1959
3068554,22035,1959
3068554,23277,1959
3068554,26044,1959
3068554,26092,1959
3068554,28319,1959
3068554,29689,1959
3068554,29945,1959
3068554,30752,1959
3068554,32499,1959
3068554,34969,1959
3068554,36830,1959
3068554,38512,1959
3068554,43174,1959
3068554,44737,1959
3068554,49111,1959
3068554,49238,1959
3068554,49851,1959
3068554,49987,1959
3068554,51202,1959
3068554,52855,1959
3068554,52951,1959
3068554,55431,1959
3068554,55867,1959
3068554,57052,1959
3068554,57876,1959
3068554,58226,1959
3068554,59441,1959
3068554,61222,1959
3068554,61351,1959
3068554,64854,1959
3068554,65277,1959
3068554,66104,1959
3068554,67051,1959
3068554,67453,1959
3068554,71178,1959
3068554,71746,1959
3068554,72772,1959
3068554,73107,1959
3068554,73233,1959
3068554,73428,1959
3068554,74199,1959
3068554,75378,1959
3068554,76867,1959
3068554,77382,1959
3068554,79230,1959
3068554,80898,1959
3068554,81530,1959
3068554,83512,1959
3068554,86045,1959
3068554,86434,1959
3068554,87064,1959
3068554,88483,1959
3068554,88884,1959
3068554,90718,1959
3068554,91317,1960
3068554,92188,1960
3068554,92469,1960
3068554,96491,1960
3068554,97037,1960
3068554,97065,1960
3068554,97548,1960
3068554,100636,1960
3068554,100998,1960
3068554,109201,1960
3068554,110761,1960
3068554,111136,1960
3068554,111635,1960
3068554,114565,1960
3068554,114891,1960
3068554,115471,1960
3068554,116078,1960
3068554,117854,1960
3068554,120615,1960
3068554,121089,1960
3068554,123995,1960
3068554,125805,1960
3068554,127277,1960
3068554,127383,1960
3068554,128018,1960
3068554,128424,1960
3068554,129036,1960
3068554,130384,1960
3068554,131196,1960
3068554,131876,1960
3068554,134347,1960
3068554,135008,1960
3068554,137424,1960
3068554,138692,1960
3068554,141031,1960
3068554,143104,1960
3068554,143730,1960
3068554,145220,1960
3068554,145461,1960
3068554,146182,1960
3068554,146921,1960
3068754,5736,1958
3068754,10274,1958
3068754,15773,1958
3068754,17880,1958
3068754,18485,1958
3068754,21118,1958
3068754,21392,1958
3068754,30923,1958
3068754,40783,1958
3068754,46556,1958
3068754,47372,1958
3068754,47571,1958
3068754,47879,1958
3068754,50362,1958
3068754,52267,1958
3068754,54247,1958
3068754,57020,1958
3068754,57652,1958
3068754,59200,1958
3068754,59887,1958
3068754,61871,1958
3068754,66056,1958
3068754,67607,1958
3068754,70358,1958
3068754,73102,1958
3068754,74556,1958
3068754,77645,1958
3068754,77884,1958
3068754,78797,1958
3068754,81431,1958
3068754,88083,1958
3068754,88308,1958
3068754,90877,1958
3068754,91131,1958
3068754,95047,1958
3068754,97909,1958
3068754,102432,1958
3068754,107559,1958
3068754,107703,1958
3068754,108715,1958
3068754,108882,1958
3068754,108968,1958
3068754,111983,1958
3068754,115277,1958
3068754,117471,1958
3068754,119148,1958
3068754,120536,1958
3068754,121027,1958
3068754,122069,1958
3068754,125551,1958
3068754,130440,1958
3068754,133249,1958
3068754,135973,1958
3068754,140354,1958
3068754,141073,1958
3068754,142505,1958
3068754,144098,1958
3068781,9257,1962
3068781,32831,1962
3068781,34109,1962
3068781,38006,1962
3068781,43398,1962
3068781,43712,1962
3068781,59493,1962
3068781,65526,1962
3068781,70899,1962
3068781,84015,1962
3068781,87049,1962
3068781,87978,1962
3068781,88827,1962
3068781,90458,1962
3068781,99047,1962
3068781,99806,1962
3068781,103489,1962
3068781,110617,1962
3068781,130939,1962
3068781,134690,1962
3068781,138687,1962
3068781,140855,1962
3068781,147857,1962
3068824,4060,1964
3068824,6200,1964
3068824,10197,1964
3068824,11453,1964
3068824,12058,1964
3068824,12375,1964
3068824,12838,1965
3068824,18246,1965
3068824,24440,1965
3068824,25451,1965
3068824,26997,1965
3068824,28736,1965
3068824,30314,1965
3068824,30423,1965
3068824,32198,1965
3068824,41120,1965
3068824,42823,1965
3068824,47101,1965
3068824,55792,1965
3068824,56646,1965
3068824,58711,1965
3068824,60308,1965
3068824,62287,1965
3068824,65690,1965
3068824,69254,1965
3068824,79305,1965
3068824,83079,1965
3068824,86140,1965
3068824,90573,1965
3068824,93548,1965
3068824,94817,1965
3068824,98061,1965
3068824,99367,1965
3068824,112176,1965
3068824,114814,1965
3068824,117318,1965
3068824,118089,1965
3068824,123182,1965
3068824,124719,1965
3068824,131440,1965
3068824,131455,1965
3068824,138181,1965
3068824,141714,1965
3068824,147433,1965
3068828,3123,1961
3068828,10267,1961
3068828,11961,1961
3068828,14802,1961
3068828,15709,1961
3068828,18167,1961
3068828,19545,1961
3068828,20553,1961
3068828,23343,1961
3068828,32039,1961
3068828,33022,1961
3068828,35609,1961
3068828,36264,1961
3068828,37052,1961
3068828,42326,1961
3068828,42805,1961
3068828,46789,1961
3068828,48908,1961
3068828,54093,1961
3068828,59094,1961
3068828,60669,1961
3068828,68843,1961
3068828,75228,1961
3068828,76500,1961
3068828,76965,1961
3068828,81188,1962
3068828,83137,1962
3068828,83239,1962
3068828,85058,1962
3068828,91584,1962
3068828,96531,1962
3068828,96811,1962
3068828,97454,1962
3068828,99871,1962
3068828,100106,1962
3068828,101824,1962
3068828,102658,1962
3068828,104566,1962
3068828,104821,1962
3068828,109744,1962
3068828,111743,1962
3068828,114379,1962
3068828,115801,1962
3068828,117952,1962
3068828,118718,1962
3068828,121696,1962
3068828,123958,1962
3068828,126204,1962
3068828,127478,1962
3068828,130163,1962
3068828,131777,1962
3068828,132677,1962
3068828,136578,1962
3068828,136871,1962
3068828,137570,1962
3068828,139119,1962
3068828,139294,1962
3068828,140661,1962
leaf360.txt
