leaf
3432149,99760,3318
3432149,99921,3318
3432149,103482,3318
3432149,103557,3318
3432149,104715,3318
3432149,112777,3318
3432149,114007,3318
3432149,117260,3318
3432149,117628,3318
3432149,124954,3318
3432149,125157,3318
3432149,126984,3318
3432149,128040,3318
3432149,132599,3318
3432149,133247,3318
3432149,137408,3318
3432149,137891,3318
3432149,140922,3318
3432149,143898,3318
3432149,144104,3318
3432149,144456,3318
3432149,145090,3318
3432149,146001,3318
3432149,146141,3318
3432374,1174,3316
3432374,6537,3316
3432374,7416,3316
3432374,11096,3316
3432374,12024,3316
3432374,12088,3316
3432374,12982,3316
3432374,14955,3316
3432374,18004,3316
3432374,18343,3316
3432374,18952,3316
3432374,21160,3316
3432374,22341,3316
3432374,23230,3316
3432374,24148,3316
3432374,25975,3316
3432374,26353,3316
3432374,27681,3316
3432374,28516,3316
3432374,28670,3316
3432374,29158,3316
3432374,34208,3316
3432374,37795,3316
3432374,38443,3316
3432374,40891,3316
3432374,45971,3316
3432374,46323,3316
3432374,51274,3316
3432374,51918,3316
3432374,54613,3316
3432374,55215,3316
3432374,57648,3316
3432374,62181,3316
3432374,62502,3316
3432374,65690,3316
3432374,66702,3316
3432374,69563,3316
3432374,69885,3316
3432374,72004,3316
3432374,77179,3316
3432374,81928,3316
3432374,82876,3316
3432374,85339,3316
3432374,89180,3316
3432374,94789,3316
3432374,95973,3316
3432374,97407,3316
3432374,100479,3317
3432374,100926,3317
3432374,105612,3317
3432374,106075,3317
3432374,108064,3317
3432374,109692,3317
3432374,110966,3317
3432374,111904,3317
3432374,114461,3317
3432374,115137,3317
3432374,117419,3317
3432374,121438,3317
3432374,122137,3317
3432374,124775,3317
3432374,127049,3317
3432374,129448,3317
3432374,131064,3317
3432374,131265,3317
3432374,132871,3317
3432374,137362,3317
3432374,137607,3317
3432374,138234,3317
3432374,139745,3317
3432374,140078,3317
3432374,142080,3317
3432374,143442,3317
3432374,145679,3317
3432374,145809,3317
3432374,145900,3317
3432374,146431,3317
3432374,149255,3317
3432472,643,3318
3432472,820,3318
3432472,971,3318
3432472,1768,3318
3432472,2089,3319
3432472,2349,3319
3432472,4770,3319
3432472,5371,3319
3432472,6744,3319
3432472,7047,3319
3432472,7232,3319
3432472,7324,3319
3432472,9562,3319
3432472,9828,3319
3432472,13453,3319
3432472,14283,3319
3432472,14684,3319
3432472,18108,3319
3432472,18373,3319
3432472,18993,3319
3432472,20341,3319
3432472,24993,3319
3432472,26049,3319
3432472,26365,3319
3432472,26435,3319
3432472,27513,3319
3432472,28099,3319
3432472,28701,3319
3432472,29509,3319
3432472,32639,3319
3432472,34683,3319
3432472,37339,3319
3432472,39911,3319
3432472,40151,3319
3432472,40793,3319
3432472,42959,3319
3432472,43155,3319
3432472,43346,3319
3432472,43723,3319
3432472,47125,3319
3432472,47861,3319
3432472,49143,3319
3432472,49382,3319
3432472,50102,3319
3432472,51857,3319
3432472,51865,3319
3432472,52666,3319
3432472,53306,3319
3432472,56278,3319
3432472,57162,3319
3432472,58320,3319
3432472,60762,3319
3432472,60901,3319
3432472,61374,3319
3432472,63185,3319
3432472,64233,3319
3432472,64379,3319
3432472,64421,3319
3432472,64848,3319
3432472,67719,3319
3432472,68991,3319
3432472,69515,3319
3432472,70074,3319
3432472,77077,3319
3432472,77396,3319
3432472,77397,3319
3432472,79702,3319
3432472,80996,3319
3432472,83099,3319
3432472,84700,3319
3432472,85778,3320
3432472,88087,3320
3432472,88336,3320
3432472,88827,3320
3432472,90944,3320
3432472,91574,3320
3432472,92201,3320
3432472,92461,3320
3432472,96794,3320
3432472,100341,3320
3432472,102265,3320
3432472,102816,3320
3432472,103747,3320
3432472,104140,3320
3432472,106147,3320
3432472,106220,3320
3432472,107378,3320
3432472,107873,3320
3432472,110055,3320
3432472,110347,3320
3432472,111241,3320
3432472,112026,3320
3432472,112241,3320
3432472,113064,3320
3432472,114168,3320
3432472,114539,3320
3432472,115948,3320
3432472,117204,3320
3432472,117414,3320
3432472,117765,3320
3432472,117952,3320
3432472,119168,3320
3432472,120041,3320
3432472,120117,3320
3432472,121600,3320
3432472,122258,3320
3432472,123198,3320
3432472,123523,3320
3432472,123608,3320
3432472,123894,3320
3432472,127760,3320
3432472,127953,3320
3432472,127956,3320
3432472,131021,3320
3432472,131853,3320
3432472,133168,3320
3432472,133663,3320
3432472,135962,3320
3432472,136262,3320
3432472,136786,3320
3432472,138573,3320
3432472,138913,3320
3432472,139294,3320
3432472,141393,3320
3432472,142405,3320
3432472,143578,3320
3432472,144613,3320
3432472,144855,3320
3432472,145543,3320
3432472,145999,3320
3432472,146016,3320
3432472,146091,3320
3432898,5526,3317
3432898,7758,3317
3432898,8643,3317
3432898,11750,3317
3432898,13049,3317
3432898,15854,3317
3432898,16212,3317
3432898,16408,3317
3432898,16786,3317
3432898,21017,3317
3432898,21856,3317
3432898,22592,3317
3432898,31591,3317
3432898,39943,3317
3432898,44309,3317
3432898,49496,3317
3432898,52021,3317
3432898,59707,3317
3432898,64291,3317
3432898,66748,3317
3432898,69968,3317
3432898,72944,3317
3432898,75232,3317
3432898,75671,3317
3432898,79555,3317
3432898,88717,3317
3432898,89275,3317
3432898,89304,3317
3432898,89903,3317
3432898,92800,3317
3432898,98675,3317
3432898,101226,3317
3432898,103416,3317
3432898,114953,3317
3432898,115580,3317
3432898,118407,3318
3432898,120478,3318
3432898,121436,3318
3432898,124035,3318
3432898,128360,3318
3432898,129556,3318
3432898,130349,3318
3432898,136452,3318
3432898,143570,3318
3432944,1897,3315
3432944,1958,3315
3432944,1993,3315
3432944,5830,3315
3432944,7498,3315
3432944,7746,3315
3432944,14195,3315
3432944,17738,3315
3432944,19643,3315
3432944,19802,3315
3432944,29299,3315
3432944,33405,3315
3432944,35462,3315
3432944,36326,3315
3432944,39008,3315
3432944,41798,3315
3432944,42258,3315
3432944,46685,3315
3432944,48707,3315
3432944,49018,3315
3432944,51155,3315
3432944,51561,3315
3432944,51744,3315
3432944,53118,3315
3432944,56375,3315
3432944,58221,3315
3432944,69749,3315
3432944,69783,3315
3432944,70149,3315
3432944,70474,3315
3432944,75900,3315
3432944,80106,3315
3432944,80551,3315
3432944,80903,3315
3432944,82253,3315
3432944,82614,3315
3432944,83502,3315
3432944,86714,3315
3432944,87945,3315
3432944,89141,3315
3432944,89193,3315
3432944,91852,3315
3432944,92698,3315
3432944,93046,3315
3432944,93778,3315
3432944,94132,3315
3432944,94917,3315
3432944,95255,3315
3432944,99484,3315
3432944,109198,3315
3432944,111274,3315
3432944,113206,3315
3432944,117717,3316
3432944,119926,3316
3432944,120818,3316
3432944,121901,3316
3432944,122237,3316
3432944,123877,3316
3432944,125875,3316
3432944,127156,3316
3432944,127184,3316
3432944,130908,3316
3432944,131789,3316
3432944,131967,3316
3432944,132026,3316
3432944,132053,3316
3432944,135825,3316
3432944,141892,3316
3432944,143566,3316
3432944,146325,3316
3432944,148428,3316
3433105,5811,3324
3433105,13211,3324
3433105,15613,3324
3433105,18946,3324
3433105,24860,3324
3433105,37728,3324
3433105,52985,3324
3433105,66880,3324
3433105,68283,3324
3433105,95863,3324
3433105,100534,3324
3433105,103146,3324
leaf608.txt
