leaf
2776065,117092,1075
2776065,126526,1075
2776065,141310,1075
2776065,145342,1075
2776277,4456,1072
2776277,12865,1072
2776277,13373,1072
2776277,13637,1072
2776277,22680,1072
2776277,25788,1072
2776277,27648,1072
2776277,42003,1072
2776277,44597,1072
2776277,44718,1072
2776277,49127,1072
2776277,51105,1072
2776277,54217,1072
2776277,55247,1072
2776277,58384,1072
2776277,62612,1072
2776277,66679,1072
2776277,72212,1072
2776277,74093,1072
2776277,74976,1072
2776277,75202,1072
2776277,92072,1072
2776277,93623,1072
2776277,95427,1073
2776277,96994,1073
2776277,98588,1073
2776277,99917,1073
2776277,101960,1073
2776277,103053,1073
2776277,107980,1073
2776277,108719,1073
2776277,108988,1073
2776277,113864,1073
2776277,121203,1073
2776277,124415,1073
2776277,124904,1073
2776277,133880,1073
2776277,138946,1073
2776277,141310,1073
2776277,143532,1073
2776277,145520,1073
2776546,7774,1075
2776546,14152,1075
2776546,18282,1075
2776546,18290,1075
2776546,26190,1075
2776546,37647,1075
2776546,40228,1076
2776546,44131,1076
2776546,52958,1076
2776546,54087,1076
2776546,57911,1076
2776546,63654,1076
2776546,65484,1076
2776546,66144,1076
2776546,66506,1076
2776546,75184,1076
2776546,89436,1076
2776546,109600,1076
2776546,114866,1076
2776546,116567,1076
2776546,119172,1076
2776546,123422,1076
2776546,125755,1076
2776546,126818,1076
2776546,130611,1076
2776546,131133,1076
2776546,133635,1076
2776546,134997,1076
2776546,138730,1076
2776546,146978,1076
2776728,1709,1073
2776728,1819,1073
2776728,2095,1073
2776728,3900,1073
2776728,3976,1073
2776728,4333,1073
2776728,4483,1073
2776728,5030,1073
2776728,5192,1073
2776728,6579,1073
2776728,7365,1073
2776728,8868,1073
2776728,8936,1073
2776728,9314,1073
2776728,9583,1073
2776728,10341,1073
2776728,14002,1073
2776728,14879,1073
2776728,17164,1073
2776728,18351,1073
2776728,18928,1073
2776728,20247,1073
2776728,21380,1073
2776728,21436,1073
2776728,22827,1073
2776728,25264,1073
2776728,28403,1073
2776728,32502,1073
2776728,33723,1073
2776728,34607,1073
2776728,35039,1073
2776728,35505,1073
2776728,37004,1073
2776728,37697,1073
2776728,40228,1073
2776728,43823,1073
2776728,44349,1073
2776728,44501,1073
2776728,47829,1073
2776728,48840,1073
2776728,50488,1073
2776728,51819,1073
2776728,52518,1073
2776728,52797,1073
2776728,52831,1073
2776728,55339,1073
2776728,58193,1073
2776728,58773,1073
2776728,61855,1074
2776728,62404,1074
2776728,62738,1074
2776728,64590,1074
2776728,65253,1074
2776728,66233,1074
2776728,66713,1074
2776728,67849,1074
2776728,68426,1074
2776728,68568,1074
2776728,69314,1074
2776728,69472,1074
2776728,70576,1074
2776728,70634,1074
2776728,72380,1074
2776728,73005,1074
2776728,73065,1074
2776728,73119,1074
2776728,74427,1074
2776728,74682,1074
2776728,74992,1074
2776728,80112,1074
2776728,80142,1074
2776728,80526,1074
2776728,80730,1074
2776728,80975,1074
2776728,82526,1074
2776728,83268,1074
2776728,83611,1074
2776728,84633,1074
2776728,85455,1074
2776728,85593,1074
2776728,88045,1074
2776728,88252,1074
2776728,89287,1074
2776728,90420,1074
2776728,91272,1074
2776728,91634,1074
2776728,92664,1074
2776728,97778,1074
2776728,98887,1074
2776728,99201,1074
2776728,100745,1074
2776728,100776,1074
2776728,101761,1074
2776728,103726,1074
2776728,103757,1074
2776728,104165,1074
2776728,104293,1074
2776728,104300,1074
2776728,104313,1074
2776728,105326,1074
2776728,107336,1074
2776728,108341,1074
2776728,109652,1074
2776728,110359,1074
2776728,110943,1074
2776728,111453,1074
2776728,112430,1074
2776728,113910,1074
2776728,115513,1074
2776728,116469,1074
2776728,118543,1074
2776728,121133,1074
2776728,124870,1074
2776728,126253,1074
2776728,126777,1075
2776728,127361,1075
2776728,127597,1075
2776728,129674,1075
2776728,131956,1075
2776728,132075,1075
2776728,132319,1075
2776728,132645,1075
2776728,132928,1075
2776728,133315,1075
2776728,133701,1075
2776728,134313,1075
2776728,134598,1075
2776728,136741,1075
2776728,138209,1075
2776728,138281,1075
2776728,138768,1075
2776728,139157,1075
2776728,140083,1075
2776728,140160,1075
2776728,141639,1075
2776728,143760,1075
2776728,145311,1075
2776728,146195,1075
2776728,147453,1075
2776728,148255,1075
2776728,148290,1075
2776728,148309,1075
2777252,4911,1076
2777252,4948,1076
2777252,6305,1076
2777252,15657,1076
2777252,23950,1076
2777252,24049,1076
2777252,35124,1076
2777252,36052,1076
2777252,39701,1076
2777252,39720,1076
2777252,40680,1076
2777252,46154,1076
2777252,50279,1076
2777252,55881,1076
2777252,60891,1076
2777252,67452,1076
2777252,72537,1076
2777252,88016,1076
2777252,92314,1076
2777252,97902,1076
2777252,101228,1076
2777252,119689,1076
2777252,129245,1076
2777252,129483,1076
2777252,132095,1076
2777252,140637,1076
2777593,3256,1078
2777593,4446,1078
2777593,13497,1078
2777593,25795,1078
2777593,26154,1078
2777593,28650,1078
2777593,38033,1078
2777593,39225,1078
2777593,40894,1078
2777593,42321,1078
2777593,45094,1078
2777593,47927,1078
2777593,52653,1078
2777593,57356,1078
2777593,67509,1078
2777593,69831,1078
2777593,70905,1078
2777593,76021,1078
2777593,100645,1078
2777593,104457,1078
2777593,105064,1078
2777593,105499,1078
2777593,106508,1078
2777593,120515,1078
2777593,121577,1078
2777593,124849,1078
2777593,126435,1078
2777593,127799,1078
2777593,144413,1078
2777593,145230,1078
2777685,5356,1077
2777685,7223,1077
2777685,7240,1077
2777685,15750,1077
2777685,16370,1077
2777685,18865,1077
2777685,19113,1077
2777685,28502,1077
2777685,28763,1077
2777685,29028,1077
2777685,29506,1077
2777685,32254,1077
2777685,32584,1077
2777685,40412,1077
2777685,41400,1077
2777685,45585,1077
2777685,47028,1077
2777685,47136,1077
2777685,50672,1077
2777685,53118,1077
2777685,53273,1077
2777685,56464,1077
2777685,60398,1077
2777685,66680,1077
2777685,75212,1077
2777685,79407,1077
2777685,81074,1077
2777685,87237,1077
2777685,97233,1077
2777685,97242,1077
2777685,112496,1077
2777685,114152,1077
2777685,120396,1077
2777685,124176,1077
2777685,126448,1078
2777685,131593,1078
2777685,134798,1078
2777685,136354,1078
2777685,140649,1078
2777685,149065,1078
2777798,223,1076
2777798,6405,1076
2777798,6564,1076
2777798,8180,1076
2777798,10277,1076
2777798,12187,1076
2777798,13493,1076
2777798,16327,1076
2777798,20482,1076
2777798,27539,1076
2777798,28723,1076
2777798,29472,1076
2777798,34646,1076
2777798,44187,1076
2777798,44684,1076
2777798,47198,1076
2777798,49589,1077
2777798,54297,1077
2777798,55701,1077
2777798,56871,1077
2777798,58835,1077
2777798,63795,1077
2777798,65351,1077
2777798,65981,1077
2777798,69001,1077
2777798,70122,1077
2777798,70426,1077
2777798,71864,1077
2777798,71886,1077
2777798,86427,1077
2777798,89983,1077
2777798,91040,1077
2777798,94418,1077
2777798,105269,1077
2777798,107450,1077
2777798,110498,1077
2777798,113434,1077
2777798,115008,1077
2777798,116881,1077
2777798,122085,1077
2777798,122362,1077
2777798,127559,1077
2777798,134385,1077
2777798,135244,1077
2777798,139922,1077
2777798,142579,1077
2777798,143436,1077
2777798,147015,1077
leaf198.txt
