leaf
2818059,60824,1248
2818059,60936,1248
2818059,60938,1248
2818059,61626,1248
2818059,63327,1248
2818059,63581,1248
2818059,63664,1248
2818059,64061,1248
2818059,64873,1248
2818059,65258,1248
2818059,65282,1248
2818059,68990,1248
2818059,69363,1248
2818059,69837,1248
2818059,70770,1248
2818059,71662,1248
2818059,71867,1248
2818059,71964,1248
2818059,72018,1248
2818059,72043,1248
2818059,72613,1248
2818059,72666,1248
2818059,73143,1248
2818059,74356,1248
2818059,74927,1249
2818059,75819,1249
2818059,76485,1249
2818059,77127,1249
2818059,77142,1249
2818059,77900,1249
2818059,78439,1249
2818059,78664,1249
2818059,78881,1249
2818059,78909,1249
2818059,79164,1249
2818059,79338,1249
2818059,79448,1249
2818059,80578,1249
2818059,80755,1249
2818059,81097,1249
2818059,81364,1249
2818059,82793,1249
2818059,83117,1249
2818059,83290,1249
2818059,85188,1249
2818059,85238,1249
2818059,85266,1249
2818059,85441,1249
2818059,85932,1249
2818059,86079,1249
2818059,86405,1249
2818059,86492,1249
2818059,86511,1249
2818059,86514,1249
2818059,86537,1249
2818059,87624,1249
2818059,87640,1249
2818059,87736,1249
2818059,88046,1249
2818059,88208,1249
2818059,88969,1249
2818059,90001,1249
2818059,90055,1249
2818059,90158,1249
2818059,90511,1249
2818059,90612,1249
2818059,91054,1249
2818059,92197,1249
2818059,92542,1249
2818059,92782,1249
2818059,92913,1249
2818059,93032,1249
2818059,93036,1249
2818059,94227,1249
2818059,94345,1249
2818059,94486,1249
2818059,94972,1249
2818059,95387,1249
2818059,95776,1249
2818059,96067,1249
2818059,97584,1249
2818059,97589,1249
2818059,97785,1249
2818059,98981,1249
2818059,99013,1249
2818059,99545,1249
2818059,99571,1249
2818059,99717,1249
2818059,99812,1249
2818059,100481,1249
2818059,101223,1250
2818059,101353,1250
2818059,101631,1250
2818059,101829,1250
2818059,102012,1250
2818059,102117,1250
2818059,102438,1250
2818059,102484,1250
2818059,103191,1250
2818059,104014,1250
2818059,104390,1250
2818059,105223,1250
2818059,105282,1250
2818059,105729,1250
2818059,106547,1250
2818059,107534,1250
2818059,107632,1250
2818059,108932,1250
2818059,109106,1250
2818059,109493,1250
2818059,110321,1250
2818059,110459,1250
2818059,111302,1250
2818059,111881,1250
2818059,112545,1250
2818059,112909,1250
2818059,112950,1250
2818059,113130,1250
2818059,114060,1250
2818059,114558,1250
2818059,116079,1250
2818059,116987,1250
2818059,117523,1250
2818059,118407,1250
2818059,119578,1250
2818059,119738,1250
2818059,119838,1250
2818059,119844,1250
2818059,120185,1250
2818059,120657,1250
2818059,121525,1250
2818059,121808,1250
2818059,122453,1250
2818059,122700,1250
2818059,122813,1250
2818059,122888,1250
2818059,122909,1250
2818059,122983,1250
2818059,123280,1250
2818059,123706,1250
2818059,124214,1250
2818059,124245,1250
2818059,124250,1250
2818059,124879,1250
2818059,125261,1250
2818059,125840,1250
2818059,127046,1250
2818059,127064,1250
2818059,127236,1250
2818059,127355,1250
2818059,127507,1250
2818059,127657,1250
2818059,128055,1250
2818059,128251,1250
2818059,128256,1250
2818059,128921,1250
2818059,129141,1251
2818059,130405,1251
2818059,131983,1251
2818059,132027,1251
2818059,132130,1251
2818059,132191,1251
2818059,133216,1251
2818059,133421,1251
2818059,133759,1251
2818059,134205,1251
2818059,134600,1251
2818059,134880,1251
2818059,135135,1251
2818059,135526,1251
2818059,135849,1251
2818059,137772,1251
2818059,137859,1251
2818059,137938,1251
2818059,138895,1251
2818059,139204,1251
2818059,139205,1251
2818059,140728,1251
2818059,141111,1251
2818059,141224,1251
2818059,142246,1251
2818059,142639,1251
2818059,143176,1251
2818059,143177,1251
2818059,143847,1251
2818059,144785,1251
2818059,146109,1251
2818059,146385,1251
2818059,146991,1251
2818059,147416,1251
2818059,147470,1251
2818059,147853,1251
2818059,148122,1251
2818059,148704,1251
2818059,148863,1251
2818302,4338,1268
2818302,5999,1268
2818302,6138,1268
2818302,6854,1268
2818302,9136,1268
2818302,9431,1268
2818302,12786,1268
2818302,18676,1268
2818302,19080,1268
2818302,19439,1268
2818302,30665,1268
2818302,31731,1268
2818302,31919,1268
2818302,41000,1268
2818302,41146,1268
2818302,43790,1268
2818302,48746,1268
2818302,53068,1268
2818302,54125,1268
2818302,59102,1268
2818302,65242,1268
2818302,66601,1268
2818302,73210,1268
2818302,74001,1268
2818302,77434,1268
2818302,79535,1268
2818302,80160,1268
2818302,85488,1268
2818302,86727,1268
2818302,86736,1268
2818302,89989,1268
2818302,90552,1268
2818302,93504,1268
2818302,99510,1268
2818302,99841,1268
2818302,116127,1268
2818302,119205,1268
2818302,120837,1268
2818302,130511,1268
2818302,132853,1268
2818302,138898,1268
2818302,141521,1268
2818302,144165,1268
2818302,147874,1268
2818816,15315,1251
2818816,18411,1251
2818816,39269,1251
2818816,40673,1251
2818816,51292,1251
2818816,55253,1251
2818816,62268,1251
2818816,64487,1251
2818816,69980,1251
2818816,72832,1251
2818816,74964,1251
2818816,75948,1251
2818816,80378,1251
2818816,86645,1251
2818816,88269,1251
2818816,90441,1251
2818816,95327,1251
2818816,100815,1251
2818816,107147,1251
2818816,107641,1251
2818816,114967,1251
2818816,121916,1251
2818816,122996,1251
2818816,123158,1251
2818816,128571,1251
2818816,131955,1251
2818816,132723,1251
2818816,133557,1252
2818816,136243,1252
2818816,137795,1252
2818816,139847,1252
2818816,140961,1252
2818816,149052,1252
2818963,9456,1252
2818963,55094,1252
2818963,70618,1252
2818963,71459,1252
2818963,75232,1252
2818963,83240,1252
2818963,108157,1252
2818963,138893,1252
2819135,613,1268
2819135,3085,1268
2819135,3660,1268
2819135,5215,1268
2819135,5858,1268
2819135,5863,1268
2819135,9305,1268
2819135,10622,1268
2819135,12454,1268
2819135,15055,1268
2819135,15704,1268
2819135,16743,1268
2819135,18392,1268
2819135,19127,1268
2819135,20697,1268
2819135,21369,1268
2819135,21932,1269
2819135,29358,1269
2819135,35987,1269
2819135,36488,1269
2819135,39004,1269
2819135,42438,1269
2819135,42778,1269
2819135,48480,1269
2819135,50023,1269
2819135,62177,1269
2819135,65963,1269
2819135,68171,1269
2819135,68330,1269
2819135,68836,1269
2819135,69373,1269
2819135,70092,1269
2819135,70484,1269
2819135,73648,1269
2819135,78366,1269
2819135,80261,1269
2819135,80400,1269
2819135,84545,1269
2819135,84775,1269
2819135,90814,1269
2819135,95584,1269
2819135,97099,1269
2819135,98810,1269
2819135,99427,1269
2819135,99864,1269
2819135,101330,1269
2819135,107860,1269
2819135,109478,1269
2819135,111133,1269
2819135,112993,1269
2819135,115040,1269
2819135,115902,1269
2819135,116705,1269
2819135,119653,1269
2819135,120724,1269
2819135,121679,1269
2819135,121713,1269
2819135,123150,1269
2819135,126778,1269
2819135,130938,1269
2819135,132616,1269
2819135,137499,1269
2819135,137566,1269
2819135,140647,1269
2819135,141668,1269
2819135,142784,1269
2819135,146828,1269
2819135,149302,1269
2819137,515,1271
2819137,985,1271
2819137,3085,1271
2819137,5215,1271
2819137,14467,1271
2819137,15055,1271
2819137,15947,1271
2819137,16670,1271
2819137,19350,1271
2819137,20709,1271
2819137,21584,1271
2819137,25464,1271
2819137,29262,1271
leaf233.txt
