leaf
3319089,27744,2703
3319089,32003,2703
3319089,34619,2703
3319089,35043,2703
3319089,43739,2703
3319089,43989,2703
3319089,44726,2703
3319089,49757,2703
3319089,51404,2703
3319089,52668,2703
3319089,53012,2703
3319089,54268,2703
3319089,57846,2703
3319089,59961,2703
3319089,62300,2703
3319089,62614,2703
3319089,63247,2703
3319089,67462,2703
3319089,67515,2703
3319089,67610,2703
3319089,68144,2703
3319089,73883,2703
3319089,74121,2703
3319089,78111,2703
3319089,78367,2703
3319089,79675,2703
3319089,81876,2703
3319089,86261,2704
3319089,89816,2704
3319089,90689,2704
3319089,92246,2704
3319089,95405,2704
3319089,96124,2704
3319089,99611,2704
3319089,103402,2704
3319089,103967,2704
3319089,105240,2704
3319089,107330,2704
3319089,107954,2704
3319089,110258,2704
3319089,111610,2704
3319089,112245,2704
3319089,112586,2704
3319089,114288,2704
3319089,118200,2704
3319089,119282,2704
3319089,122302,2704
3319089,123334,2704
3319089,125283,2704
3319089,126923,2704
3319089,127107,2704
3319089,128148,2704
3319089,132438,2704
3319089,137802,2704
3319089,139502,2704
3319089,140564,2704
3319089,145473,2704
3319645,2955,2702
3319645,7864,2702
3319645,15971,2702
3319645,25782,2702
3319645,31333,2702
3319645,33759,2702
3319645,34271,2702
3319645,34460,2702
3319645,47462,2702
3319645,49283,2702
3319645,53600,2702
3319645,61025,2702
3319645,62522,2703
3319645,63336,2703
3319645,63832,2703
3319645,64840,2703
3319645,64876,2703
3319645,65606,2703
3319645,75171,2703
3319645,80148,2703
3319645,84530,2703
3319645,86812,2703
3319645,88092,2703
3319645,105620,2703
3319645,113447,2703
3319645,123090,2703
3319645,123190,2703
3319645,123864,2703
3319645,130027,2703
3319645,133255,2703
3319645,135006,2703
3319645,136796,2703
3319645,141000,2703
3319645,143005,2703
3319645,145612,2703
3319645,147823,2703
3320045,3019,2706
3320045,6183,2706
3320045,15874,2706
3320045,21889,2706
3320045,32327,2706
3320045,33122,2706
3320045,51311,2706
3320045,56136,2706
3320045,59829,2706
3320045,73126,2706
3320045,73514,2706
3320045,75232,2706
3320045,86215,2706
3320045,89767,2706
3320045,102217,2706
3320045,105915,2706
3320045,107214,2706
3320045,116901,2706
3320045,127122,2706
3320045,137739,2706
3320045,142599,2706
3320251,1416,2704
3320251,1784,2704
3320251,1795,2704
3320251,4243,2704
3320251,4834,2704
3320251,6418,2704
3320251,12364,2704
3320251,12532,2704
3320251,18290,2704
3320251,23461,2704
3320251,25590,2704
3320251,26951,2704
3320251,31322,2704
3320251,32002,2704
3320251,36533,2704
3320251,38898,2704
3320251,41704,2704
3320251,43633,2704
3320251,45686,2704
3320251,45927,2704
3320251,50061,2704
3320251,50089,2704
3320251,51041,2704
3320251,54035,2704
3320251,55783,2704
3320251,57056,2704
3320251,59843,2704
3320251,61235,2704
3320251,63008,2704
3320251,66282,2704
3320251,67808,2704
3320251,68833,2704
3320251,69616,2704
3320251,71191,2704
3320251,74909,2704
3320251,77564,2704
3320251,79937,2705
3320251,81476,2705
3320251,82307,2705
3320251,90253,2705
3320251,93428,2705
3320251,93543,2705
3320251,98280,2705
3320251,110249,2705
3320251,112533,2705
3320251,112632,2705
3320251,120794,2705
3320251,121502,2705
3320251,121806,2705
3320251,122805,2705
3320251,125662,2705
3320251,127111,2705
3320251,127316,2705
3320251,128971,2705
3320251,133598,2705
3320251,137653,2705
3320251,138400,2705
3320251,140513,2705
3320251,142018,2705
3320251,144866,2705
3320251,146652,2705
3320251,146805,2705
3320251,148049,2705
3320251,148667,2705
3320258,224,2708
3320258,3305,2708
3320258,3349,2708
3320258,4828,2708
3320258,5955,2708
3320258,5988,2708
3320258,6184,2708
3320258,6592,2708
3320258,7813,2708
3320258,8612,2708
3320258,8979,2708
3320258,9441,2708
3320258,10624,2708
3320258,10931,2708
3320258,10977,2708
3320258,11485,2708
3320258,12133,2708
3320258,12467,2708
3320258,12517,2708
3320258,14838,2708
3320258,14882,2708
3320258,15278,2708
3320258,16797,2708
3320258,16912,2708
3320258,17126,2708
3320258,17227,2708
3320258,17757,2708
3320258,19206,2708
3320258,21789,2708
3320258,25024,2708
3320258,25035,2708
3320258,25160,2708
3320258,25735,2709
3320258,27028,2709
3320258,27213,2709
3320258,29174,2709
3320258,29871,2709
3320258,29899,2709
3320258,30019,2709
3320258,30360,2709
3320258,30585,2709
3320258,31015,2709
3320258,32259,2709
3320258,32736,2709
3320258,33116,2709
3320258,33495,2709
3320258,34031,2709
3320258,35320,2709
3320258,36220,2709
3320258,36885,2709
3320258,37685,2709
3320258,38550,2709
3320258,38936,2709
3320258,39343,2709
3320258,39859,2709
3320258,40996,2709
3320258,41211,2709
3320258,42079,2709
3320258,42264,2709
3320258,42371,2709
3320258,42384,2709
3320258,44861,2709
3320258,46378,2709
3320258,47561,2709
3320258,47934,2709
3320258,48421,2709
3320258,49899,2709
3320258,50200,2709
3320258,50221,2709
3320258,51002,2709
3320258,51547,2709
3320258,53079,2709
3320258,54445,2709
3320258,54929,2709
3320258,55086,2709
3320258,55575,2709
3320258,55771,2709
3320258,55911,2709
3320258,56158,2709
3320258,58394,2709
3320258,58531,2709
3320258,60308,2709
3320258,61966,2709
3320258,64731,2709
3320258,65340,2709
3320258,67660,2709
3320258,67895,2709
3320258,70818,2709
3320258,71193,2709
3320258,72039,2709
3320258,72391,2709
3320258,73646,2709
3320258,74254,2709
3320258,74259,2709
3320258,75141,2709
3320258,75354,2709
3320258,75541,2709
3320258,75615,2709
3320258,75904,2710
3320258,77587,2710
3320258,78324,2710
3320258,80399,2710
3320258,80952,2710
3320258,80954,2710
3320258,81755,2710
3320258,82129,2710
3320258,82831,2710
3320258,82975,2710
3320258,84586,2710
3320258,89472,2710
3320258,89509,2710
3320258,89885,2710
3320258,90109,2710
3320258,90195,2710
3320258,93675,2710
3320258,93988,2710
3320258,95288,2710
3320258,96226,2710
3320258,96667,2710
3320258,96820,2710
3320258,99911,2710
3320258,100020,2710
3320258,101527,2710
3320258,102253,2710
3320258,102688,2710
3320258,102893,2710
3320258,102993,2710
3320258,103052,2710
3320258,103829,2710
3320258,103843,2710
3320258,105058,2710
3320258,105646,2710
3320258,109101,2710
3320258,109271,2710
3320258,110395,2710
3320258,110712,2710
3320258,111818,2710
3320258,112230,2710
3320258,112481,2710
3320258,113132,2710
3320258,113396,2710
3320258,114508,2710
3320258,116688,2710
3320258,116764,2710
3320258,117178,2710
3320258,117983,2710
3320258,118374,2710
3320258,119394,2710
3320258,119517,2710
3320258,120424,2710
3320258,123090,2710
3320258,123154,2710
3320258,124408,2710
3320258,126565,2710
3320258,127003,2710
3320258,127263,2710
3320258,127496,2710
3320258,128684,2710
3320258,130197,2710
3320258,131491,2710
3320258,132918,2710
3320258,133049,2710
3320258,133205,2710
3320258,133742,2710
3320258,133917,2711
3320258,134692,2711
3320258,135720,2711
3320258,136448,2711
3320258,136954,2711
3320258,137358,2711
3320258,142441,2711
3320258,142689,2711
3320258,142787,2711
3320258,146695,2711
3320258,147501,2711
3320258,148293,2711
3320258,148624,2711
3320258,149085,2711
3320566,14528,2705
3320566,20488,2705
3320566,24817,2705
3320566,26161,2705
3320566,27361,2705
leaf496.txt
