leaf
2756310,144927,1012
2757197,1210,1012
2757197,3280,1012
2757197,4888,1012
2757197,6780,1012
2757197,12579,1012
2757197,12790,1013
2757197,19863,1013
2757197,28137,1013
2757197,30126,1013
2757197,35636,1013
2757197,43591,1013
2757197,44802,1013
2757197,46733,1013
2757197,47991,1013
2757197,54093,1013
2757197,54542,1013
2757197,55368,1013
2757197,56300,1013
2757197,65366,1013
2757197,65581,1013
2757197,65939,1013
2757197,66486,1013
2757197,67029,1013
2757197,67259,1013
2757197,69177,1013
2757197,70241,1013
2757197,72211,1013
2757197,75474,1013
2757197,76060,1013
2757197,78142,1013
2757197,78534,1013
2757197,80464,1013
2757197,81213,1013
2757197,81369,1013
2757197,85087,1013
2757197,87454,1013
2757197,89700,1013
2757197,90986,1013
2757197,95124,1013
2757197,97055,1013
2757197,97124,1013
2757197,106927,1013
2757197,112750,1013
2757197,112995,1013
2757197,113225,1013
2757197,114331,1013
2757197,115600,1013
2757197,116792,1013
2757197,117420,1013
2757197,117850,1013
2757197,117880,1013
2757197,119690,1013
2757197,122762,1013
2757197,123239,1013
2757197,123914,1013
2757197,126194,1013
2757197,128212,1013
2757197,129385,1013
2757197,129451,1013
2757197,131593,1013
2757197,132507,1013
2757197,132762,1013
2757197,141902,1013
2757197,145169,1013
2757427,871,1013
2757427,4372,1013
2757427,9671,1013
2757427,13778,1013
2757427,17063,1013
2757427,19211,1013
2757427,19803,1013
2757427,20183,1014
2757427,21128,1014
2757427,23439,1014
2757427,25081,1014
2757427,28036,1014
2757427,33087,1014
2757427,35455,1014
2757427,39601,1014
2757427,41223,1014
2757427,44998,1014
2757427,48460,1014
2757427,50588,1014
2757427,63177,1014
2757427,65209,1014
2757427,71306,1014
2757427,72750,1014
2757427,73111,1014
2757427,74023,1014
2757427,74207,1014
2757427,76915,1014
2757427,81034,1014
2757427,86103,1014
2757427,87415,1014
2757427,87948,1014
2757427,94361,1014
2757427,95642,1014
2757427,96569,1014
2757427,98297,1014
2757427,102139,1014
2757427,109800,1014
2757427,110355,1014
2757427,112054,1014
2757427,114423,1014
2757427,114858,1014
2757427,115203,1014
2757427,115906,1014
2757427,119076,1014
2757427,120307,1014
2757427,126138,1014
2757427,126383,1014
2757427,126718,1014
2757427,129454,1014
2757427,131236,1014
2757427,132747,1014
2757427,137591,1014
2757427,139042,1014
2757427,139112,1014
2757427,147610,1014
2758406,13815,1014
2758406,13997,1014
2758406,14206,1014
2758406,18679,1014
2758406,23704,1014
2758406,25850,1014
2758406,27823,1014
2758406,29140,1014
2758406,31892,1014
2758406,33799,1014
2758406,36143,1014
2758406,38520,1014
2758406,38898,1014
2758406,40097,1014
2758406,40953,1014
2758406,46548,1014
2758406,52950,1014
2758406,52983,1014
2758406,53174,1015
2758406,55891,1015
2758406,56836,1015
2758406,58403,1015
2758406,60814,1015
2758406,62399,1015
2758406,63090,1015
2758406,65053,1015
2758406,76055,1015
2758406,83238,1015
2758406,99183,1015
2758406,100629,1015
2758406,104216,1015
2758406,108623,1015
2758406,117073,1015
2758406,117436,1015
2758406,117900,1015
2758406,134903,1015
2758406,135953,1015
2758406,139355,1015
2758406,142712,1015
2758406,145332,1015
2758406,149042,1015
2758913,1605,1015
2758913,1784,1015
2758913,5243,1015
2758913,6558,1015
2758913,6694,1015
2758913,7212,1015
2758913,9358,1015
2758913,14331,1015
2758913,16877,1015
2758913,28519,1015
2758913,30946,1015
2758913,32002,1015
2758913,37764,1015
2758913,49439,1015
2758913,50587,1015
2758913,51242,1015
2758913,52711,1015
2758913,53966,1015
2758913,55029,1015
2758913,56382,1015
2758913,56981,1015
2758913,62376,1015
2758913,68785,1015
2758913,69505,1015
2758913,75705,1015
2758913,80449,1015
2758913,80551,1015
2758913,81780,1015
2758913,89152,1015
2758913,92719,1015
2758913,93624,1015
2758913,94044,1015
2758913,94187,1015
2758913,98134,1015
2758913,102096,1015
2758913,103409,1015
2758913,105729,1015
2758913,106308,1015
2758913,106401,1015
2758913,106583,1015
2758913,122731,1015
2758913,125985,1015
2758913,127642,1015
2758913,128517,1016
2758913,128928,1016
2758913,128976,1016
2758913,135493,1016
2758913,140513,1016
2758913,143077,1016
2758913,143828,1016
2759175,2528,1020
2759175,2732,1020
2759175,3813,1020
2759175,4914,1020
2759175,10685,1020
2759175,11598,1020
2759175,17352,1020
2759175,17471,1020
2759175,18264,1020
2759175,27012,1020
2759175,29045,1020
2759175,35390,1020
2759175,35950,1020
2759175,37366,1020
2759175,37493,1020
2759175,39014,1020
2759175,42619,1021
2759175,44079,1021
2759175,45832,1021
2759175,47149,1021
2759175,47278,1021
2759175,47617,1021
2759175,48694,1021
2759175,50832,1021
2759175,51802,1021
2759175,52488,1021
2759175,53684,1021
2759175,56526,1021
2759175,58211,1021
2759175,59514,1021
2759175,63194,1021
2759175,63286,1021
2759175,66566,1021
2759175,69383,1021
2759175,71421,1021
2759175,75590,1021
2759175,78463,1021
2759175,79235,1021
2759175,79808,1021
2759175,81685,1021
2759175,82490,1021
2759175,82536,1021
2759175,82585,1021
2759175,84900,1021
2759175,86616,1021
2759175,86855,1021
2759175,89943,1021
2759175,90331,1021
2759175,91544,1021
2759175,92431,1021
2759175,94024,1021
2759175,94204,1021
2759175,98044,1021
2759175,102079,1021
2759175,103760,1021
2759175,105859,1021
2759175,106523,1021
2759175,109861,1021
2759175,112354,1021
2759175,113478,1021
2759175,116037,1021
2759175,120165,1021
2759175,120291,1021
2759175,120600,1021
2759175,121361,1021
2759175,122949,1021
2759175,125201,1021
2759175,126499,1021
2759175,128922,1021
2759175,129134,1021
2759175,129254,1021
2759175,129510,1021
2759175,129600,1021
2759175,130288,1021
2759175,131056,1021
2759175,133631,1021
2759175,139994,1021
2759175,141204,1021
2759175,143512,1021
2759175,149202,1021
2759252,12420,1017
2759252,68687,1017
2759252,82287,1017
2759252,99986,1017
2759252,100006,1017
2759252,121178,1017
2759252,146836,1017
2759270,1785,1016
2759270,10799,1016
2759270,40628,1016
2759270,44707,1016
2759270,46909,1016
2759270,53652,1016
2759270,68467,1016
2759270,68687,1016
2759270,75523,1016
2759270,75841,1016
2759270,80249,1016
2759270,82287,1016
2759270,83211,1016
2759270,86861,1016
2759270,88169,1016
2759270,93649,1016
2759270,105907,1016
2759270,109477,1016
2759270,113124,1016
2759270,128649,1016
2759270,129866,1016
2759270,132769,1016
2759270,133943,1016
2759400,1093,1019
2759400,1566,1019
2759400,2787,1019
2759400,4335,1019
2759400,8315,1019
2759400,8766,1019
2759400,10206,1019
2759400,10250,1019
2759400,10302,1019
2759400,11674,1019
2759400,11923,1019
2759400,13792,1019
2759400,13957,1019
2759400,14164,1019
2759400,14403,1019
2759400,14963,1019
2759400,15287,1019
2759400,17505,1019
2759400,18515,1019
2759400,18733,1019
2759400,19387,1019
2759400,20614,1019
2759400,20797,1019
2759400,20863,1019
2759400,22546,1019
2759400,22709,1019
2759400,26174,1019
2759400,26201,1019
2759400,27751,1019
2759400,28437,1019
2759400,29670,1019
2759400,33947,1019
2759400,38546,1019
2759400,38795,1019
2759400,39937,1019
2759400,39952,1019
2759400,40667,1019
2759400,43420,1019
2759400,43609,1019
2759400,49575,1019
leaf187.txt
