leaf
2894133,52727,1503
2894133,54244,1503
2894133,54788,1503
2894133,56583,1503
2894133,57681,1503
2894133,59266,1503
2894133,60401,1503
2894133,61696,1503
2894133,69353,1503
2894133,74864,1503
2894133,81738,1503
2894133,84102,1503
2894133,89291,1503
2894133,92890,1503
2894133,93129,1503
2894133,93296,1503
2894133,95039,1503
2894133,95611,1503
2894133,97101,1503
2894133,99047,1503
2894133,99415,1503
2894133,104706,1503
2894133,105252,1503
2894133,107088,1503
2894133,109055,1503
2894133,110546,1503
2894133,111486,1503
2894133,112888,1503
2894133,113272,1503
2894133,118277,1503
2894133,119749,1503
2894133,120597,1503
2894133,124895,1503
2894133,127482,1503
2894133,129913,1503
2894133,130692,1503
2894133,132190,1503
2894133,138417,1503
2894133,138870,1503
2894133,144025,1503
2894133,146161,1503
2894133,146503,1503
2894133,148005,1503
2895486,167,1505
2895486,1545,1505
2895486,2039,1505
2895486,5120,1505
2895486,7074,1505
2895486,7667,1505
2895486,9751,1505
2895486,9903,1505
2895486,10295,1505
2895486,14718,1505
2895486,14927,1505
2895486,16033,1506
2895486,16304,1506
2895486,16465,1506
2895486,19680,1506
2895486,21481,1506
2895486,22021,1506
2895486,22693,1506
2895486,25719,1506
2895486,28861,1506
2895486,30423,1506
2895486,31373,1506
2895486,31413,1506
2895486,33501,1506
2895486,44317,1506
2895486,44422,1506
2895486,47197,1506
2895486,48929,1506
2895486,49300,1506
2895486,51984,1506
2895486,52538,1506
2895486,55352,1506
2895486,55369,1506
2895486,56028,1506
2895486,56522,1506
2895486,58179,1506
2895486,58558,1506
2895486,63733,1506
2895486,66307,1506
2895486,68756,1506
2895486,70666,1506
2895486,72465,1506
2895486,79573,1506
2895486,81910,1506
2895486,82479,1506
2895486,85513,1506
2895486,85540,1506
2895486,85641,1506
2895486,88383,1506
2895486,90281,1506
2895486,90477,1506
2895486,91890,1506
2895486,93612,1506
2895486,95567,1506
2895486,96354,1506
2895486,97306,1506
2895486,102019,1506
2895486,102567,1506
2895486,105572,1506
2895486,108581,1506
2895486,110459,1506
2895486,110554,1506
2895486,112003,1506
2895486,114888,1506
2895486,116272,1506
2895486,117054,1506
2895486,119554,1506
2895486,121308,1506
2895486,121531,1506
2895486,125312,1506
2895486,128971,1506
2895486,133507,1506
2895486,135009,1506
2895486,139813,1506
2895486,140498,1506
2895486,141565,1506
2895486,145323,1506
2895486,146731,1507
2895486,148683,1507
2895600,781,1507
2895600,948,1507
2895600,1891,1507
2895600,2721,1507
2895600,3289,1507
2895600,6462,1507
2895600,8620,1507
2895600,9983,1507
2895600,10594,1507
2895600,10729,1507
2895600,11217,1507
2895600,12815,1507
2895600,14071,1507
2895600,15995,1507
2895600,16036,1507
2895600,18231,1507
2895600,19018,1507
2895600,20542,1507
2895600,21979,1507
2895600,26446,1507
2895600,26968,1507
2895600,27559,1507
2895600,29655,1507
2895600,31586,1507
2895600,32054,1507
2895600,33926,1507
2895600,38741,1507
2895600,39633,1507
2895600,40993,1507
2895600,42490,1507
2895600,44535,1507
2895600,44710,1507
2895600,44791,1507
2895600,46963,1507
2895600,47283,1507
2895600,47389,1507
2895600,48395,1507
2895600,48868,1507
2895600,51602,1507
2895600,51979,1507
2895600,52223,1507
2895600,53109,1507
2895600,54061,1507
2895600,57296,1507
2895600,57473,1507
2895600,58610,1507
2895600,61283,1507
2895600,63804,1507
2895600,65385,1507
2895600,65690,1507
2895600,65798,1507
2895600,66869,1507
2895600,67887,1507
2895600,69348,1507
2895600,71615,1507
2895600,72056,1507
2895600,72497,1507
2895600,72503,1507
2895600,72717,1507
2895600,73326,1507
2895600,73344,1507
2895600,73733,1507
2895600,74195,1507
2895600,80739,1507
2895600,81935,1508
2895600,83224,1508
2895600,84173,1508
2895600,89027,1508
2895600,91724,1508
2895600,94280,1508
2895600,94660,1508
2895600,95962,1508
2895600,97098,1508
2895600,98532,1508
2895600,99042,1508
2895600,101484,1508
2895600,103795,1508
2895600,105523,1508
2895600,106378,1508
2895600,109374,1508
2895600,110090,1508
2895600,110633,1508
2895600,111145,1508
2895600,114485,1508
2895600,119039,1508
2895600,119120,1508
2895600,119848,1508
2895600,123670,1508
2895600,124276,1508
2895600,124468,1508
2895600,127121,1508
2895600,127845,1508
2895600,127848,1508
2895600,128128,1508
2895600,128993,1508
2895600,132128,1508
2895600,132824,1508
2895600,133192,1508
2895600,134544,1508
2895600,135059,1508
2895600,135142,1508
2895600,135395,1508
2895600,136761,1508
2895600,138064,1508
2895600,139097,1508
2895600,139114,1508
2895600,139552,1508
2895600,139998,1508
2895600,140569,1508
2895600,141938,1508
2895600,142002,1508
2895600,146174,1508
2895600,147698,1508
2895600,148667,1508
2895600,149147,1508
2896028,3478,1509
2896028,5105,1509
2896028,14568,1509
2896028,21403,1509
2896028,23493,1509
2896028,24881,1509
2896028,25552,1509
2896028,25616,1509
2896028,26056,1509
2896028,29465,1509
2896028,38989,1509
2896028,40792,1509
2896028,46151,1509
2896028,48379,1509
2896028,49384,1509
2896028,53868,1509
2896028,56512,1509
2896028,58886,1509
2896028,59749,1509
2896028,60452,1509
2896028,62066,1509
2896028,63383,1509
2896028,63616,1509
2896028,63884,1509
2896028,65100,1509
2896028,65206,1510
2896028,80831,1510
2896028,81392,1510
2896028,81766,1510
2896028,89260,1510
2896028,90235,1510
2896028,97332,1510
2896028,100070,1510
2896028,101748,1510
2896028,102858,1510
2896028,103974,1510
2896028,105766,1510
2896028,108038,1510
2896028,110264,1510
2896028,115590,1510
2896028,121926,1510
2896028,124846,1510
2896028,127417,1510
2896028,129353,1510
2896028,129440,1510
2896028,132793,1510
2896028,134800,1510
2896028,136890,1510
2896028,140841,1510
2896028,146103,1510
2896075,1483,1510
2896075,1825,1510
2896075,3098,1510
2896075,3171,1510
2896075,3593,1510
2896075,4943,1510
2896075,5234,1510
2896075,6665,1510
2896075,8544,1510
2896075,16231,1510
2896075,17663,1510
2896075,17999,1510
2896075,22595,1510
2896075,23967,1510
2896075,25297,1510
2896075,26618,1510
2896075,27003,1510
2896075,27415,1510
2896075,28798,1510
2896075,29483,1510
2896075,34007,1510
2896075,35370,1510
2896075,35680,1510
2896075,36250,1510
2896075,38653,1510
2896075,41407,1510
2896075,42751,1510
2896075,42999,1510
2896075,43597,1510
2896075,45189,1510
2896075,46255,1510
2896075,46465,1510
2896075,51744,1510
2896075,52382,1510
2896075,52808,1510
2896075,53014,1510
2896075,53178,1510
2896075,54417,1510
2896075,57472,1510
2896075,57657,1510
2896075,57788,1510
2896075,57863,1511
2896075,58516,1511
2896075,60160,1511
2896075,62036,1511
2896075,66409,1511
2896075,68720,1511
2896075,69101,1511
2896075,73158,1511
2896075,73480,1511
2896075,80729,1511
2896075,81690,1511
2896075,81980,1511
2896075,82107,1511
2896075,82336,1511
2896075,82905,1511
2896075,84381,1511
2896075,86407,1511
2896075,86948,1511
2896075,87136,1511
2896075,87478,1511
2896075,89102,1511
2896075,89314,1511
2896075,89602,1511
2896075,90551,1511
2896075,91457,1511
2896075,91941,1511
2896075,92379,1511
2896075,94237,1511
2896075,95315,1511
2896075,96178,1511
2896075,97547,1511
2896075,97668,1511
2896075,98612,1511
leaf277.txt
