leaf
2818049,31734,1253
2818049,32060,1253
2818049,32508,1253
2818049,32902,1253
2818049,33623,1253
2818049,33628,1253
2818049,34290,1253
2818049,34481,1254
2818049,34544,1254
2818049,34678,1254
2818049,34972,1254
2818049,35011,1254
2818049,35248,1254
2818049,36141,1254
2818049,36282,1254
2818049,37161,1254
2818049,37268,1254
2818049,37357,1254
2818049,37883,1254
2818049,38110,1254
2818049,38148,1254
2818049,38152,1254
2818049,38273,1254
2818049,38437,1254
2818049,38545,1254
2818049,38569,1254
2818049,38667,1254
2818049,38678,1254
2818049,38693,1254
2818049,39453,1254
2818049,39545,1254
2818049,40608,1254
2818049,40826,1254
2818049,40950,1254
2818049,40958,1254
2818049,41212,1254
2818049,41438,1254
2818049,41557,1254
2818049,41915,1254
2818049,42018,1254
2818049,42257,1254
2818049,42821,1254
2818049,43212,1254
2818049,43970,1254
2818049,44162,1254
2818049,44272,1254
2818049,44455,1254
2818049,45090,1254
2818049,45224,1254
2818049,45257,1254
2818049,45378,1254
2818049,45590,1254
2818049,45773,1254
2818049,45968,1254
2818049,46092,1254
2818049,46140,1254
2818049,46251,1254
2818049,46618,1254
2818049,47195,1254
2818049,47258,1254
2818049,47418,1254
2818049,47609,1254
2818049,48083,1254
2818049,48520,1254
2818049,49210,1254
2818049,49217,1254
2818049,49674,1254
2818049,49702,1254
2818049,49900,1254
2818049,50267,1254
2818049,50546,1254
2818049,50929,1254
2818049,51031,1254
2818049,51118,1255
2818049,51448,1255
2818049,52190,1255
2818049,52447,1255
2818049,52691,1255
2818049,52864,1255
2818049,53304,1255
2818049,53335,1255
2818049,53341,1255
2818049,53902,1255
2818049,53926,1255
2818049,54045,1255
2818049,54097,1255
2818049,54208,1255
2818049,54693,1255
2818049,55374,1255
2818049,55375,1255
2818049,55824,1255
2818049,56852,1255
2818049,57236,1255
2818049,57617,1255
2818049,57678,1255
2818049,57810,1255
2818049,58099,1255
2818049,58117,1255
2818049,58194,1255
2818049,58670,1255
2818049,59108,1255
2818049,59161,1255
2818049,59353,1255
2818049,59426,1255
2818049,59482,1255
2818049,59546,1255
2818049,59656,1255
2818049,59875,1255
2818049,60397,1255
2818049,60677,1255
2818049,61181,1255
2818049,61192,1255
2818049,61608,1255
2818049,61775,1255
2818049,62508,1255
2818049,63422,1255
2818049,63586,1255
2818049,63664,1255
2818049,63784,1255
2818049,63817,1255
2818049,63849,1255
2818049,63931,1255
2818049,64469,1255
2818049,64858,1255
2818049,64873,1255
2818049,65077,1255
2818049,65105,1255
2818049,65258,1255
2818049,65338,1255
2818049,65717,1255
2818049,65751,1255
2818049,66169,1255
2818049,66276,1255
2818049,66376,1255
2818049,66407,1255
2818049,66889,1255
2818049,67100,1255
2818049,67309,1255
2818049,68032,1255
2818049,68108,1256
2818049,68306,1256
2818049,68363,1256
2818049,68502,1256
2818049,68852,1256
2818049,69076,1256
2818049,69098,1256
2818049,69270,1256
2818049,69326,1256
2818049,69389,1256
2818049,69432,1256
2818049,69460,1256
2818049,69479,1256
2818049,69837,1256
2818049,69974,1256
2818049,70142,1256
2818049,70224,1256
2818049,70722,1256
2818049,71064,1256
2818049,71662,1256
2818049,71716,1256
2818049,72018,1256
2818049,72351,1256
2818049,72404,1256
2818049,72518,1256
2818049,73015,1256
2818049,73019,1256
2818049,73137,1256
2818049,73632,1256
2818049,73815,1256
2818049,73914,1256
2818049,74414,1256
2818049,74663,1256
2818049,74765,1256
2818049,74861,1256
2818049,75366,1256
2818049,75440,1256
2818049,76133,1256
2818049,76198,1256
2818049,76557,1256
2818049,76899,1256
2818049,77127,1256
2818049,77333,1256
2818049,77377,1256
2818049,77598,1256
2818049,77617,1256
2818049,77995,1256
2818049,78543,1256
2818049,78634,1256
2818049,78664,1256
2818049,78832,1256
2818049,78909,1256
2818049,79352,1256
2818049,79683,1256
2818049,79746,1256
2818049,79748,1256
2818049,80333,1256
2818049,80504,1256
2818049,81091,1256
2818049,81466,1256
2818049,81499,1256
2818049,81991,1256
2818049,82095,1256
2818049,82971,1256
2818049,83156,1256
2818049,83290,1256
2818049,83823,1257
2818049,84210,1257
2818049,84262,1257
2818049,84506,1257
2818049,84992,1257
2818049,85546,1257
2818049,85645,1257
2818049,85959,1257
2818049,86089,1257
2818049,86120,1257
2818049,86357,1257
2818049,86425,1257
2818049,86492,1257
2818049,86719,1257
2818049,86993,1257
2818049,88006,1257
2818049,88097,1257
2818049,88548,1257
2818049,88558,1257
2818049,88959,1257
2818049,88970,1257
2818049,89208,1257
2818049,89342,1257
2818049,89491,1257
2818049,89607,1257
2818049,89745,1257
2818049,90211,1257
2818049,90334,1257
2818049,90382,1257
2818049,90418,1257
2818049,90434,1257
2818049,90612,1257
2818049,90662,1257
2818049,90807,1257
2818049,92186,1257
2818049,92802,1257
2818049,92858,1257
2818049,92870,1257
2818049,92888,1257
2818049,93051,1257
2818049,93873,1257
2818049,94077,1257
2818049,94206,1257
2818049,94345,1257
2818049,94794,1257
2818049,94911,1257
2818049,95054,1257
2818049,95065,1257
2818049,95408,1257
2818049,96041,1257
2818049,96565,1257
2818049,96635,1257
2818049,96686,1257
2818049,97141,1257
2818049,97584,1257
2818049,97589,1257
2818049,97645,1257
2818049,97846,1257
2818049,98031,1257
2818049,98140,1257
2818049,98141,1257
2818049,99183,1257
2818049,99660,1257
2818049,99690,1257
2818049,99822,1257
2818049,99899,1257
2818049,100134,1258
2818049,100170,1258
2818049,100265,1258
2818049,100526,1258
2818049,100744,1258
2818049,100932,1258
2818049,101006,1258
2818049,101043,1258
2818049,101150,1258
2818049,101392,1258
2818049,101449,1258
2818049,101704,1258
2818049,101933,1258
2818049,102109,1258
2818049,102303,1258
2818049,102600,1258
2818049,102785,1258
2818049,103521,1258
2818049,103528,1258
2818049,103924,1258
2818049,104188,1258
2818049,105208,1258
2818049,105715,1258
2818049,105772,1258
2818049,106459,1258
2818049,106489,1258
2818049,106498,1258
2818049,106728,1258
2818049,106844,1258
2818049,107247,1258
2818049,107312,1258
2818049,107933,1258
2818049,108784,1258
2818049,108821,1258
2818049,108931,1258
2818049,109802,1258
2818049,109882,1258
2818049,110762,1258
2818049,111173,1258
2818049,111263,1258
2818049,111563,1258
2818049,111972,1258
2818049,112186,1258
2818049,112916,1258
2818049,112952,1258
2818049,113179,1258
2818049,113333,1258
2818049,113669,1258
2818049,113712,1258
2818049,114088,1258
2818049,114744,1258
2818049,115184,1258
2818049,115338,1258
2818049,115344,1258
2818049,115583,1258
2818049,116862,1258
2818049,117053,1258
2818049,117341,1258
2818049,117937,1258
2818049,118093,1258
2818049,118334,1258
2818049,118551,1258
2818049,118804,1258
2818049,119050,1258
2818049,119292,1258
2818049,119684,1258
2818049,119939,1259
2818049,120099,1259
2818049,120646,1259
2818049,120831,1259
2818049,121190,1259
2818049,121249,1259
2818049,121688,1259
2818049,123389,1259
2818049,123634,1259
2818049,123704,1259
2818049,124064,1259
2818049,124250,1259
2818049,124496,1259
2818049,124966,1259
2818049,125012,1259
2818049,125121,1259
2818049,125359,1259
2818049,125419,1259
2818049,125593,1259
2818049,125724,1259
2818049,125750,1259
2818049,125835,1259
2818049,125917,1259
2818049,126665,1259
leaf230.txt
