leaf
2711015,123965,907
2711015,125124,907
2711015,128540,907
2711015,129421,907
2711015,131281,907
2711015,133678,907
2711015,135653,907
2711015,137985,907
2711015,138799,907
2711015,140203,907
2711015,140605,907
2711015,142253,907
2711015,146742,907
2711057,2385,907
2711057,5229,907
2711057,10441,907
2711057,11124,907
2711057,11473,907
2711057,23174,907
2711057,27082,907
2711057,28922,907
2711057,30363,907
2711057,36360,907
2711057,39503,907
2711057,43411,907
2711057,45624,907
2711057,46759,907
2711057,47168,907
2711057,50628,907
2711057,52976,907
2711057,53594,907
2711057,54234,907
2711057,55492,907
2711057,59121,907
2711057,80884,907
2711057,87154,907
2711057,90687,907
2711057,100670,907
2711057,107026,907
2711057,110730,907
2711057,111237,907
2711057,120818,907
2711057,128896,907
2711057,139874,907
2711057,140942,907
2711057,141920,907
2711057,146358,907
2711066,2317,905
2711066,4074,905
2711066,7001,905
2711066,10313,905
2711066,10637,905
2711066,13369,905
2711066,14152,905
2711066,15442,905
2711066,16722,905
2711066,17187,905
2711066,19811,905
2711066,28392,905
2711066,28986,905
2711066,31089,905
2711066,32005,905
2711066,42173,905
2711066,46059,905
2711066,50582,905
2711066,52096,905
2711066,54981,905
2711066,55492,905
2711066,55854,905
2711066,59590,905
2711066,61164,905
2711066,65573,905
2711066,68520,905
2711066,69092,905
2711066,72511,906
2711066,77624,906
2711066,82241,906
2711066,83614,906
2711066,85248,906
2711066,94299,906
2711066,95387,906
2711066,102724,906
2711066,103015,906
2711066,104958,906
2711066,108840,906
2711066,109578,906
2711066,112295,906
2711066,112492,906
2711066,122725,906
2711066,124971,906
2711066,128963,906
2711066,132928,906
2711066,133950,906
2711066,134371,906
2711066,136548,906
2711066,137631,906
2711066,141670,906
2711066,144057,906
2711066,144403,906
2711066,144778,906
2711066,148771,906
2711066,149310,906
2711173,649,903
2711173,7008,903
2711173,7015,903
2711173,7270,903
2711173,10052,903
2711173,11407,903
2711173,14137,903
2711173,14447,903
2711173,14687,903
2711173,19122,903
2711173,19371,903
2711173,25335,903
2711173,26371,903
2711173,26487,903
2711173,28861,903
2711173,32937,903
2711173,33830,903
2711173,36044,903
2711173,36854,903
2711173,36927,903
2711173,39608,903
2711173,42170,903
2711173,43728,903
2711173,44806,903
2711173,47462,903
2711173,48855,903
2711173,51063,903
2711173,51823,903
2711173,55980,903
2711173,62902,903
2711173,64154,903
2711173,65654,903
2711173,65924,903
2711173,70937,904
2711173,72927,904
2711173,81121,904
2711173,84634,904
2711173,85848,904
2711173,89860,904
2711173,97444,904
2711173,98036,904
2711173,99131,904
2711173,99242,904
2711173,101337,904
2711173,101587,904
2711173,103899,904
2711173,107089,904
2711173,107540,904
2711173,108680,904
2711173,116278,904
2711173,120889,904
2711173,122388,904
2711173,123134,904
2711173,123826,904
2711173,126715,904
2711173,132536,904
2711173,132914,904
2711173,133498,904
2711173,134145,904
2711173,136404,904
2711173,139075,904
2711173,139168,904
2711173,142114,904
2711173,143465,904
2711173,144043,904
2711173,147373,904
2711173,149134,904
2711360,3294,903
2711360,8637,903
2711360,16035,903
2711360,21870,903
2711360,31307,903
2711360,43551,903
2711360,51180,903
2711360,62137,903
2711360,67743,903
2711360,71690,903
2711360,81332,903
2711360,90935,903
2711360,94298,903
2711360,95948,903
2711360,96771,903
2711360,99415,903
2711360,100035,903
2711360,104823,903
2711360,107391,903
2711360,114916,903
2711360,124690,903
2711360,137570,903
2711360,139231,903
2711637,73,902
2711637,296,902
2711637,1064,902
2711637,1835,902
2711637,8796,902
2711637,17335,902
2711637,26355,902
2711637,32167,902
2711637,32216,902
2711637,32617,902
2711637,37207,902
2711637,39577,902
2711637,42737,902
2711637,48012,902
2711637,59182,902
2711637,66626,902
2711637,72498,902
2711637,78162,902
2711637,80922,902
2711637,82231,902
2711637,93624,902
2711637,103181,902
2711637,105479,903
2711637,105854,903
2711637,107459,903
2711637,107512,903
2711637,107963,903
2711637,116344,903
2711637,121982,903
2711637,124463,903
2711637,146104,903
2711637,148620,903
2711640,1966,904
2711640,3080,904
2711640,4243,904
2711640,5299,904
2711640,9162,904
2711640,13927,904
2711640,20479,904
2711640,21043,904
2711640,22780,904
2711640,32303,904
2711640,38898,904
2711640,39041,904
2711640,39422,904
2711640,40953,904
2711640,43677,904
2711640,43718,904
2711640,48399,904
2711640,48528,904
2711640,48771,904
2711640,48823,904
2711640,49443,904
2711640,52699,904
2711640,54966,904
2711640,55920,904
2711640,56081,904
2711640,58849,904
2711640,60492,904
2711640,60582,904
2711640,61693,904
2711640,64266,904
2711640,66432,904
2711640,66669,904
2711640,67297,905
2711640,68375,905
2711640,68460,905
2711640,70568,905
2711640,70842,905
2711640,71953,905
2711640,73036,905
2711640,73148,905
2711640,92717,905
2711640,93485,905
2711640,93571,905
2711640,93702,905
2711640,94123,905
2711640,97131,905
2711640,98319,905
2711640,99800,905
2711640,101357,905
2711640,101472,905
2711640,101851,905
2711640,102738,905
2711640,102762,905
2711640,102999,905
2711640,104320,905
2711640,106461,905
2711640,110186,905
2711640,113270,905
2711640,113504,905
2711640,126385,905
2711640,126469,905
2711640,126620,905
2711640,128674,905
2711640,130081,905
2711640,132623,905
2711640,133388,905
2711640,134594,905
2711640,135746,905
2711640,137206,905
2711640,138486,905
2711640,147058,905
2712030,3641,908
2712030,4642,908
2712030,10008,908
2712030,11002,908
2712030,18421,908
2712030,20252,908
2712030,22595,908
2712030,23215,908
2712030,30842,908
2712030,40405,909
2712030,45251,909
2712030,48646,909
2712030,55548,909
2712030,56499,909
2712030,63554,909
2712030,71493,909
2712030,79263,909
2712030,80037,909
2712030,109175,909
2712030,123405,909
2712030,127940,909
2712030,144483,909
2712030,146868,909
2712081,3905,907
2712081,5333,908
2712081,5630,908
2712081,8495,908
2712081,10159,908
2712081,11901,908
2712081,12530,908
2712081,13389,908
2712081,22368,908
2712081,28024,908
2712081,28938,908
2712081,29192,908
2712081,29372,908
2712081,31148,908
2712081,31263,908
2712081,34106,908
2712081,35348,908
2712081,36278,908
2712081,38351,908
2712081,38583,908
2712081,40985,908
2712081,41716,908
2712081,44546,908
2712081,50084,908
2712081,52456,908
2712081,54678,908
2712081,60016,908
2712081,62123,908
2712081,63305,908
2712081,63666,908
2712081,65757,908
2712081,65954,908
2712081,70433,908
2712081,70714,908
2712081,71060,908
2712081,71911,908
2712081,72579,908
2712081,75698,908
2712081,78298,908
2712081,78614,908
2712081,78667,908
2712081,88863,908
2712081,99052,908
leaf167.txt
