leaf
3169001,124306,2249
3169001,125199,2249
3169001,126263,2249
3169001,128865,2249
3169001,131415,2249
3169001,136024,2249
3169001,136825,2249
3169001,137545,2249
3169001,139470,2249
3169001,139661,2249
3169001,140160,2249
3169001,142226,2249
3169001,144101,2249
3169001,144152,2249
3169001,144569,2249
3169001,146626,2249
3169001,148255,2249
3169001,148690,2249
3170908,1116,2249
3170908,4165,2249
3170908,5019,2249
3170908,8210,2249
3170908,11427,2249
3170908,11790,2249
3170908,12610,2249
3170908,12879,2249
3170908,13165,2249
3170908,14285,2249
3170908,15341,2249
3170908,20069,2249
3170908,22331,2249
3170908,23305,2249
3170908,24040,2249
3170908,33213,2249
3170908,33889,2249
3170908,35846,2249
3170908,42650,2249
3170908,43408,2249
3170908,46435,2249
3170908,51174,2249
3170908,55298,2249
3170908,55568,2249
3170908,55854,2249
3170908,58658,2249
3170908,62385,2249
3170908,64725,2249
3170908,65239,2249
3170908,68331,2249
3170908,68558,2249
3170908,68829,2249
3170908,71086,2249
3170908,71588,2249
3170908,71871,2249
3170908,79793,2249
3170908,79965,2249
3170908,80069,2249
3170908,85428,2249
3170908,90733,2249
3170908,94795,2249
3170908,96842,2249
3170908,97602,2249
3170908,100092,2249
3170908,103946,2250
3170908,104981,2250
3170908,107029,2250
3170908,111095,2250
3170908,116630,2250
3170908,125735,2250
3170908,127420,2250
3170908,129114,2250
3170908,131780,2250
3170908,136219,2250
3170908,136449,2250
3170908,138536,2250
3170908,145507,2250
3170931,9344,2250
3170931,11725,2250
3170931,13625,2250
3170931,17180,2250
3170931,20645,2250
3170931,31042,2250
3170931,41916,2250
3170931,66887,2250
3170931,68520,2250
3170931,69014,2250
3170931,83765,2250
3170931,91921,2250
3170931,95317,2250
3170931,95800,2250
3170931,96677,2250
3170931,97640,2250
3170931,111692,2250
3170931,116599,2250
3170931,117373,2250
3170931,125695,2250
3170931,137403,2250
3170931,145761,2250
3170931,146371,2250
3171941,1269,2250
3171941,1749,2250
3171941,2302,2250
3171941,4191,2250
3171941,5679,2250
3171941,5721,2250
3171941,6562,2250
3171941,9354,2250
3171941,9486,2250
3171941,10267,2250
3171941,11510,2250
3171941,12297,2250
3171941,13402,2250
3171941,14370,2250
3171941,16171,2250
3171941,16543,2250
3171941,17709,2250
3171941,18549,2250
3171941,21704,2250
3171941,22397,2250
3171941,24172,2250
3171941,24485,2250
3171941,26996,2250
3171941,28105,2250
3171941,29756,2250
3171941,30846,2250
3171941,32209,2250
3171941,33026,2250
3171941,33500,2250
3171941,34567,2250
3171941,35836,2251
3171941,41331,2251
3171941,43488,2251
3171941,43930,2251
3171941,44507,2251
3171941,44891,2251
3171941,47527,2251
3171941,47851,2251
3171941,48815,2251
3171941,49796,2251
3171941,50977,2251
3171941,51185,2251
3171941,53844,2251
3171941,54096,2251
3171941,55677,2251
3171941,56199,2251
3171941,57986,2251
3171941,61106,2251
3171941,61402,2251
3171941,64995,2251
3171941,66597,2251
3171941,66696,2251
3171941,66994,2251
3171941,72691,2251
3171941,73856,2251
3171941,74982,2251
3171941,76798,2251
3171941,77681,2251
3171941,78440,2251
3171941,80659,2251
3171941,81304,2251
3171941,81310,2251
3171941,81567,2251
3171941,83464,2251
3171941,86077,2251
3171941,86173,2251
3171941,86911,2251
3171941,87053,2251
3171941,87316,2251
3171941,88438,2251
3171941,88440,2251
3171941,88905,2251
3171941,89513,2251
3171941,89592,2251
3171941,92252,2251
3171941,92885,2251
3171941,93731,2251
3171941,94785,2251
3171941,95410,2251
3171941,95832,2251
3171941,96499,2251
3171941,97223,2251
3171941,97587,2251
3171941,97777,2251
3171941,98504,2251
3171941,99107,2251
3171941,100174,2251
3171941,102454,2251
3171941,102498,2251
3171941,102818,2251
3171941,107055,2251
3171941,110929,2251
3171941,112004,2251
3171941,113083,2251
3171941,113323,2251
3171941,113837,2251
3171941,115219,2252
3171941,117880,2252
3171941,118957,2252
3171941,120510,2252
3171941,121267,2252
3171941,122176,2252
3171941,122974,2252
3171941,124219,2252
3171941,124994,2252
3171941,128363,2252
3171941,128880,2252
3171941,130201,2252
3171941,130609,2252
3171941,131617,2252
3171941,132149,2252
3171941,132316,2252
3171941,134079,2252
3171941,134756,2252
3171941,134829,2252
3171941,135325,2252
3171941,136964,2252
3171941,137813,2252
3171941,142872,2252
3171941,142896,2252
3171941,143227,2252
3171941,143314,2252
3171941,145368,2252
3171941,146325,2252
3171941,147557,2252
3172082,770,2252
3172082,3723,2252
3172082,4595,2252
3172082,13840,2252
3172082,17586,2252
3172082,22869,2252
3172082,43609,2252
3172082,44822,2253
3172082,46536,2253
3172082,78768,2253
3172082,83856,2253
3172082,91268,2253
3172082,91774,2253
3172082,94163,2253
3172082,97151,2253
3172082,97158,2253
3172082,98361,2253
3172082,106483,2253
3172082,111478,2253
3172082,116602,2253
3172082,123275,2253
3172082,131199,2253
3172082,138362,2253
3172082,148043,2253
3172114,4534,2252
3172114,12186,2252
3172114,16583,2252
3172114,19802,2252
3172114,22360,2252
3172114,25461,2252
3172114,33756,2252
3172114,45374,2252
3172114,66438,2252
3172114,67551,2252
3172114,72960,2252
3172114,75036,2252
3172114,77703,2252
3172114,80333,2252
3172114,84921,2252
3172114,89019,2252
3172114,91852,2252
3172114,93570,2252
3172114,103937,2252
3172114,116392,2252
3172114,122558,2252
3172114,126457,2252
3172114,126494,2252
3172114,127932,2252
3172114,131234,2252
3172114,133352,2252
3172114,135682,2252
3172114,137397,2252
3172114,145057,2252
3172114,146186,2252
3172140,1046,2253
3172140,1171,2253
3172140,16776,2253
3172140,21802,2253
3172140,25869,2253
3172140,28468,2253
3172140,29050,2253
3172140,37015,2253
3172140,39087,2253
3172140,42380,2253
3172140,43782,2253
3172140,49599,2253
3172140,52335,2253
3172140,61447,2253
3172140,72022,2253
3172140,74843,2253
3172140,80559,2253
3172140,113370,2253
3172140,126657,2253
3172140,127921,2253
3172140,132086,2253
3172140,134023,2253
3172140,135055,2253
3172140,136570,2253
3172140,137851,2253
3172140,139532,2253
3172140,149209,2253
3172984,2930,2253
3172984,4394,2253
3172984,4821,2253
3172984,11381,2253
3172984,12077,2253
3172984,13491,2253
3172984,14091,2253
3172984,18581,2253
3172984,20822,2253
3172984,22236,2253
3172984,24847,2253
3172984,26185,2253
3172984,26967,2253
3172984,41545,2253
3172984,42707,2253
3172984,44335,2253
3172984,46095,2253
3172984,47193,2253
3172984,54211,2253
3172984,54508,2253
3172984,54950,2253
3172984,63033,2253
3172984,64305,2254
3172984,64313,2254
3172984,65366,2254
3172984,68467,2254
3172984,69928,2254
3172984,70866,2254
3172984,72486,2254
3172984,73105,2254
3172984,75524,2254
3172984,76550,2254
3172984,76749,2254
3172984,76793,2254
3172984,86272,2254
3172984,86322,2254
3172984,89291,2254
3172984,90899,2254
3172984,93154,2254
3172984,94581,2254
3172984,96100,2254
3172984,101732,2254
3172984,102576,2254
3172984,103194,2254
3172984,103456,2254
3172984,103481,2254
3172984,105761,2254
3172984,108501,2254
3172984,108769,2254
3172984,109031,2254
3172984,110459,2254
3172984,114604,2254
3172984,115032,2254
3172984,116740,2254
3172984,117034,2254
3172984,120750,2254
3172984,125737,2254
leaf413.txt
