leaf
2509683,41515,290
2509683,41677,290
2509683,43408,290
2509683,43921,290
2509683,44769,290
2509683,45902,290
2509683,47526,290
2509683,53107,290
2509683,55805,290
2509683,59545,290
2509683,59703,290
2509683,59793,290
2509683,61060,290
2509683,61693,290
2509683,61754,290
2509683,63890,290
2509683,65497,290
2509683,65690,290
2509683,67409,290
2509683,72286,290
2509683,74547,290
2509683,75257,290
2509683,75590,290
2509683,76192,290
2509683,79103,291
2509683,79877,291
2509683,80463,291
2509683,81644,291
2509683,83301,291
2509683,84057,291
2509683,84908,291
2509683,86196,291
2509683,88520,291
2509683,90440,291
2509683,91183,291
2509683,93219,291
2509683,95108,291
2509683,95306,291
2509683,95387,291
2509683,99154,291
2509683,101475,291
2509683,102041,291
2509683,102658,291
2509683,103304,291
2509683,103339,291
2509683,103705,291
2509683,103731,291
2509683,105793,291
2509683,108328,291
2509683,109130,291
2509683,109243,291
2509683,111322,291
2509683,111423,291
2509683,111758,291
2509683,112883,291
2509683,113648,291
2509683,114004,291
2509683,114024,291
2509683,116223,291
2509683,116328,291
2509683,117189,291
2509683,118015,291
2509683,118697,291
2509683,119082,291
2509683,120708,291
2509683,120799,291
2509683,121684,291
2509683,125572,291
2509683,126473,291
2509683,127198,291
2509683,129929,291
2509683,131546,291
2509683,136644,291
2509683,137407,291
2509683,137659,291
2509683,138141,291
2509683,138542,291
2509683,139387,291
2509683,140030,291
2509683,140232,291
2509683,140455,291
2509683,142846,291
2509683,143756,291
2509683,145509,291
2509683,145524,291
2509683,145986,291
2509683,146219,291
2509683,146487,291
2509683,146625,291
2509683,148015,291
2509683,148699,292
2509683,148810,292
2509928,24883,289
2509928,27945,289
2509928,32395,289
2509928,36474,289
2509928,38401,289
2509928,44818,289
2509928,50587,289
2509928,59969,289
2509928,66103,289
2509928,69317,290
2509928,69693,290
2509928,73946,290
2509928,77019,290
2509928,83153,290
2509928,102580,290
2509928,103937,290
2509928,106385,290
2509928,125017,290
2509928,141310,290
2509928,144483,290
2510065,767,292
2510065,1210,292
2510065,2263,292
2510065,5483,292
2510065,7381,292
2510065,12732,292
2510065,14091,292
2510065,25452,292
2510065,29535,292
2510065,29583,292
2510065,30245,292
2510065,32267,292
2510065,38584,292
2510065,40450,292
2510065,40833,292
2510065,42936,292
2510065,45502,292
2510065,51172,292
2510065,53044,292
2510065,53784,292
2510065,55817,292
2510065,59294,292
2510065,64538,292
2510065,67675,292
2510065,69459,292
2510065,70420,292
2510065,71949,293
2510065,72498,293
2510065,75100,293
2510065,82434,293
2510065,86495,293
2510065,88120,293
2510065,93413,293
2510065,93801,293
2510065,95230,293
2510065,99755,293
2510065,116607,293
2510065,117532,293
2510065,118273,293
2510065,119770,293
2510065,123023,293
2510065,126438,293
2510065,128916,293
2510065,132829,293
2510065,138990,293
2510065,140093,293
2510065,141214,293
2510342,277,293
2510342,335,293
2510342,2897,293
2510342,4169,293
2510342,5356,293
2510342,5582,293
2510342,9153,293
2510342,11826,293
2510342,12989,293
2510342,13526,293
2510342,15233,293
2510342,17031,293
2510342,17311,293
2510342,18653,293
2510342,24218,293
2510342,30209,293
2510342,32824,293
2510342,34959,293
2510342,35379,293
2510342,41171,293
2510342,41262,293
2510342,41569,293
2510342,42908,293
2510342,43293,293
2510342,45710,293
2510342,48531,293
2510342,49099,293
2510342,52520,293
2510342,64845,293
2510342,65242,293
2510342,65690,293
2510342,66666,293
2510342,68960,293
2510342,70250,293
2510342,71587,293
2510342,75012,293
2510342,75776,293
2510342,78491,293
2510342,84578,293
2510342,87479,293
2510342,91623,293
2510342,92142,293
2510342,92719,293
2510342,93239,293
2510342,95842,293
2510342,97364,294
2510342,98153,294
2510342,99841,294
2510342,103425,294
2510342,106859,294
2510342,108898,294
2510342,114587,294
2510342,120517,294
2510342,123182,294
2510342,123328,294
2510342,124241,294
2510342,126705,294
2510342,128424,294
2510342,134800,294
2510342,135337,294
2510342,143332,294
2510342,145724,294
2510342,146528,294
2511007,745,294
2511007,2804,294
2511007,11898,295
2511007,15083,295
2511007,15196,295
2511007,21656,295
2511007,21850,295
2511007,24950,295
2511007,26064,295
2511007,37300,295
2511007,52111,295
2511007,53207,295
2511007,58356,295
2511007,75870,295
2511007,81355,295
2511007,81390,295
2511007,87426,295
2511007,90320,295
2511007,90394,295
2511007,93284,295
2511007,100913,295
2511007,101056,295
2511007,111754,295
2511007,113666,295
2511007,115619,295
2511007,116869,295
2511007,135740,295
2511007,136695,295
2511007,140051,295
2511007,147763,295
2511585,580,294
2511585,3100,294
2511585,7759,294
2511585,8179,294
2511585,10955,294
2511585,19727,294
2511585,28265,294
2511585,28598,294
2511585,37823,294
2511585,38209,294
2511585,40069,294
2511585,41558,294
2511585,42991,294
2511585,43271,294
2511585,47770,294
2511585,56043,294
2511585,58863,294
2511585,60939,294
2511585,67172,294
2511585,69113,294
2511585,71079,294
2511585,81770,294
2511585,82151,294
2511585,85427,294
2511585,86274,294
2511585,86999,294
2511585,89534,294
2511585,90440,294
2511585,95521,294
2511585,97611,294
2511585,107228,294
2511585,107788,294
2511585,111693,294
2511585,112389,294
2511585,117187,294
2511585,117886,294
2511585,121994,294
2511585,124333,294
2511585,124793,294
2511585,126228,294
2511585,135171,294
2511585,137421,294
2511585,139228,294
2511585,140015,294
2511585,143914,294
2511585,144236,294
2511590,740,297
2511590,4449,297
2511590,4722,297
2511590,7164,297
2511590,9233,297
2511590,10133,297
2511590,11349,297
2511590,11607,297
2511590,12741,297
2511590,12915,297
2511590,14343,297
2511590,16734,297
2511590,18891,297
2511590,22658,297
2511590,23058,297
2511590,23493,297
2511590,24563,297
2511590,26263,297
2511590,27441,297
2511590,31245,297
2511590,31318,297
2511590,31605,297
2511590,32382,298
2511590,33267,298
2511590,33792,298
2511590,36794,298
2511590,37456,298
2511590,38243,298
2511590,38466,298
2511590,39333,298
2511590,40231,298
2511590,41389,298
2511590,41669,298
2511590,41981,298
2511590,42158,298
2511590,43239,298
2511590,48802,298
2511590,52468,298
2511590,53636,298
2511590,55994,298
2511590,56448,298
2511590,60157,298
2511590,60791,298
2511590,61693,298
2511590,63977,298
2511590,64369,298
2511590,66310,298
2511590,66748,298
2511590,67233,298
2511590,67953,298
2511590,69276,298
2511590,73287,298
2511590,74222,298
2511590,77868,298
2511590,78499,298
2511590,78963,298
2511590,84039,298
2511590,85128,298
2511590,85274,298
2511590,85501,298
2511590,89042,298
2511590,89120,298
2511590,89845,298
leaf55.txt
