leaf
2660485,92603,770
2660485,95387,770
2660485,97221,770
2660485,98221,770
2660485,98574,770
2660485,99911,770
2660485,102384,770
2660485,105113,770
2660485,105879,770
2660485,105925,770
2660485,110516,770
2660485,112848,770
2660485,114482,770
2660485,115744,770
2660485,119865,770
2660485,125687,770
2660485,126590,770
2660485,130783,770
2660485,132287,770
2660485,134260,770
2660485,134558,770
2660485,136192,770
2660485,136864,770
2660485,138946,770
2660485,139219,770
2660485,141447,770
2660485,143042,770
2660485,145332,770
2660907,335,772
2660907,4982,772
2660907,6503,772
2660907,8026,772
2660907,8110,772
2660907,11974,772
2660907,14766,772
2660907,15640,772
2660907,18186,772
2660907,18402,772
2660907,22028,772
2660907,22993,772
2660907,23629,772
2660907,24694,772
2660907,25642,772
2660907,25918,772
2660907,26342,772
2660907,28658,772
2660907,29694,772
2660907,33854,772
2660907,37459,772
2660907,38858,772
2660907,40015,773
2660907,40601,773
2660907,41340,773
2660907,47944,773
2660907,47965,773
2660907,48276,773
2660907,48843,773
2660907,48975,773
2660907,49312,773
2660907,52663,773
2660907,53519,773
2660907,53648,773
2660907,60626,773
2660907,60680,773
2660907,66046,773
2660907,66934,773
2660907,68400,773
2660907,69418,773
2660907,70028,773
2660907,72770,773
2660907,74977,773
2660907,75507,773
2660907,76257,773
2660907,76531,773
2660907,77448,773
2660907,77852,773
2660907,78333,773
2660907,78356,773
2660907,79034,773
2660907,81394,773
2660907,84519,773
2660907,87408,773
2660907,88698,773
2660907,96417,773
2660907,97562,773
2660907,97742,773
2660907,101072,773
2660907,101973,773
2660907,105425,773
2660907,105707,773
2660907,106785,773
2660907,107150,773
2660907,107496,773
2660907,107846,773
2660907,109181,773
2660907,111423,773
2660907,112810,773
2660907,114522,773
2660907,114539,773
2660907,116074,773
2660907,117047,773
2660907,118712,773
2660907,119460,773
2660907,120897,773
2660907,124491,773
2660907,125820,773
2660907,127313,773
2660907,128228,773
2660907,130176,773
2660907,132295,773
2660907,132359,773
2660907,133212,773
2660907,134492,773
2660907,137369,773
2660907,138803,773
2660907,140939,773
2660907,143538,774
2660907,145123,774
2660907,148575,774
2660907,148640,774
2661611,1110,776
2661611,2391,776
2661611,2491,776
2661611,2729,776
2661611,4053,776
2661611,7456,776
2661611,7525,776
2661611,8659,776
2661611,9602,776
2661611,10127,776
2661611,10630,776
2661611,10734,776
2661611,14063,776
2661611,15038,776
2661611,15328,776
2661611,15401,776
2661611,15416,776
2661611,18281,776
2661611,20004,776
2661611,22583,776
2661611,22788,776
2661611,23032,776
2661611,24495,776
2661611,25721,776
2661611,26337,776
2661611,26453,776
2661611,27748,776
2661611,27962,776
2661611,28172,776
2661611,28369,776
2661611,30828,776
2661611,30833,776
2661611,32056,776
2661611,32575,776
2661611,33657,776
2661611,35001,776
2661611,36263,776
2661611,38262,776
2661611,40028,776
2661611,40931,776
2661611,42140,776
2661611,42691,776
2661611,44006,776
2661611,44598,776
2661611,45449,776
2661611,45578,776
2661611,45705,776
2661611,47831,776
2661611,48204,776
2661611,48557,776
2661611,49072,776
2661611,51925,776
2661611,54608,776
2661611,55038,777
2661611,57499,777
2661611,59371,777
2661611,62428,777
2661611,63452,777
2661611,63829,777
2661611,65666,777
2661611,65755,777
2661611,66077,777
2661611,66274,777
2661611,67735,777
2661611,69330,777
2661611,70751,777
2661611,72282,777
2661611,78685,777
2661611,79772,777
2661611,80900,777
2661611,82190,777
2661611,82238,777
2661611,82826,777
2661611,84659,777
2661611,85176,777
2661611,85191,777
2661611,85805,777
2661611,93275,777
2661611,93718,777
2661611,93979,777
2661611,94389,777
2661611,94421,777
2661611,94878,777
2661611,96713,777
2661611,97172,777
2661611,97197,777
2661611,97961,777
2661611,98252,777
2661611,99665,777
2661611,99991,777
2661611,100802,777
2661611,103845,777
2661611,106225,777
2661611,106444,777
2661611,107509,777
2661611,107659,777
2661611,111906,777
2661611,113301,777
2661611,114560,777
2661611,116266,777
2661611,116424,777
2661611,122009,777
2661611,122483,777
2661611,122565,777
2661611,122739,777
2661611,124579,777
2661611,124868,777
2661611,125641,777
2661611,126030,777
2661611,126310,777
2661611,127653,777
2661611,127999,777
2661611,130536,777
2661611,132127,777
2661611,134222,777
2661611,134942,777
2661611,136181,777
2661611,137321,777
2661611,137766,777
2661611,140640,778
2661611,141467,778
2661611,141931,778
2661611,142737,778
2661611,143733,778
2661611,145309,778
2661611,145711,778
2661611,146383,778
2661611,146614,778
2661611,147156,778
2661611,147210,778
2661612,1080,774
2661612,2499,774
2661612,8110,774
2661612,9549,774
2661612,24609,774
2661612,24815,774
2661612,24995,774
2661612,26371,774
2661612,28178,774
2661612,29618,774
2661612,29859,774
2661612,32575,774
2661612,37723,774
2661612,38014,774
2661612,39629,774
2661612,39758,774
2661612,41986,774
2661612,45242,774
2661612,45942,774
2661612,51063,774
2661612,51850,774
2661612,52838,774
2661612,53721,774
2661612,57911,774
2661612,62073,774
2661612,64154,774
2661612,66326,774
2661612,68240,774
2661612,70751,774
2661612,71375,774
2661612,79772,774
2661612,80651,774
2661612,87756,774
2661612,88900,774
2661612,90757,774
2661612,92059,774
2661612,97296,774
2661612,107839,774
2661612,113837,774
2661612,115201,774
2661612,119968,774
2661612,122072,774
2661612,122446,774
2661612,123826,774
2661612,124664,774
2661612,131670,774
2661612,133479,774
2661630,486,774
2661630,1578,774
2661630,3342,774
2661630,5537,774
2661630,5869,774
2661630,7708,774
2661630,10597,774
2661630,13617,774
2661630,13629,774
2661630,14322,774
2661630,15706,774
2661630,16761,774
2661630,20015,774
2661630,20242,774
2661630,20433,774
2661630,21481,775
2661630,23091,775
2661630,27646,775
2661630,28403,775
2661630,28437,775
2661630,28622,775
2661630,28815,775
2661630,29643,775
2661630,29771,775
2661630,30103,775
2661630,31098,775
2661630,37865,775
2661630,38990,775
2661630,39313,775
2661630,39831,775
2661630,45119,775
2661630,46638,775
2661630,49783,775
2661630,52590,775
2661630,53179,775
2661630,58565,775
2661630,61610,775
2661630,62008,775
2661630,62700,775
2661630,64107,775
2661630,65100,775
2661630,68695,775
2661630,68827,775
2661630,69642,775
2661630,70634,775
2661630,71743,775
2661630,72407,775
2661630,75000,775
2661630,75443,775
2661630,76501,775
2661630,77161,775
2661630,77535,775
2661630,77703,775
2661630,78443,775
2661630,80142,775
2661630,83687,775
2661630,84800,775
2661630,85166,775
2661630,85512,775
2661630,91634,775
2661630,93861,775
2661630,94114,775
2661630,95893,775
2661630,98078,775
leaf143.txt
