leaf
3605409,33027,3988
3605409,34290,3988
3605409,37184,3988
3605409,37504,3988
3605409,38986,3988
3605409,40485,3988
3605409,42198,3988
3605409,44514,3988
3605409,45326,3988
3605409,50150,3988
3605409,51040,3988
3605409,51142,3988
3605409,51879,3988
3605409,58557,3988
3605409,58734,3988
3605409,61159,3988
3605409,63081,3988
3605409,65519,3988
3605409,65649,3988
3605409,70305,3988
3605409,71098,3988
3605409,72431,3988
3605409,72628,3988
3605409,77202,3989
3605409,77394,3989
3605409,77496,3989
3605409,78142,3989
3605409,78230,3989
3605409,78703,3989
3605409,79008,3989
3605409,79360,3989
3605409,82093,3989
3605409,83779,3989
3605409,85023,3989
3605409,86060,3989
3605409,87696,3989
3605409,88024,3989
3605409,88272,3989
3605409,88558,3989
3605409,89294,3989
3605409,92290,3989
3605409,92417,3989
3605409,92722,3989
3605409,92834,3989
3605409,92972,3989
3605409,93451,3989
3605409,95470,3989
3605409,95601,3989
3605409,95616,3989
3605409,97976,3989
3605409,99914,3989
3605409,100569,3989
3605409,100713,3989
3605409,103452,3989
3605409,104139,3989
3605409,108882,3989
3605409,109790,3989
3605409,111510,3989
3605409,112161,3989
3605409,112173,3989
3605409,112503,3989
3605409,112722,3989
3605409,115387,3989
3605409,115867,3989
3605409,116604,3989
3605409,123222,3989
3605409,124495,3989
3605409,128513,3989
3605409,134782,3989
3605409,134908,3989
3605409,135928,3989
3605409,136834,3989
3605409,142505,3989
3605409,143088,3989
3605409,143224,3989
3605409,146408,3989
3605439,8,3982
3605439,1032,3982
3605439,1374,3982
3605439,2027,3982
3605439,3264,3982
3605439,4112,3982
3605439,5530,3982
3605439,6451,3982
3605439,6607,3982
3605439,6801,3982
3605439,7140,3982
3605439,7592,3982
3605439,7661,3982
3605439,9431,3982
3605439,9646,3982
3605439,9764,3982
3605439,10112,3982
3605439,11564,3982
3605439,14416,3982
3605439,14985,3982
3605439,15187,3982
3605439,15198,3982
3605439,18579,3983
3605439,20192,3983
3605439,20885,3983
3605439,21745,3983
3605439,22147,3983
3605439,23464,3983
3605439,24089,3983
3605439,24378,3983
3605439,25967,3983
3605439,26381,3983
3605439,28330,3983
3605439,28696,3983
3605439,29170,3983
3605439,30391,3983
3605439,30629,3983
3605439,30632,3983
3605439,30756,3983
3605439,31100,3983
3605439,31643,3983
3605439,34802,3983
3605439,34975,3983
3605439,35867,3983
3605439,37688,3983
3605439,39910,3983
3605439,39991,3983
3605439,42820,3983
3605439,42882,3983
3605439,45348,3983
3605439,45674,3983
3605439,48107,3983
3605439,48746,3983
3605439,48942,3983
3605439,50282,3983
3605439,50496,3983
3605439,51033,3983
3605439,52419,3983
3605439,52944,3983
3605439,54759,3983
3605439,55713,3983
3605439,55765,3983
3605439,57035,3983
3605439,57686,3983
3605439,59238,3983
3605439,59369,3983
3605439,59894,3983
3605439,59978,3983
3605439,60039,3983
3605439,65124,3983
3605439,65242,3983
3605439,65378,3983
3605439,65884,3983
3605439,65900,3983
3605439,66629,3983
3605439,66896,3983
3605439,67727,3983
3605439,68294,3983
3605439,68661,3983
3605439,69765,3983
3605439,71043,3983
3605439,73924,3983
3605439,74390,3983
3605439,74659,3983
3605439,74762,3983
3605439,75045,3983
3605439,76101,3983
3605439,76472,3983
3605439,76911,3984
3605439,78230,3984
3605439,78479,3984
3605439,78724,3984
3605439,80364,3984
3605439,82554,3984
3605439,82623,3984
3605439,83045,3984
3605439,84612,3984
3605439,86714,3984
3605439,86739,3984
3605439,87099,3984
3605439,88645,3984
3605439,89459,3984
3605439,90283,3984
3605439,91609,3984
3605439,92836,3984
3605439,92842,3984
3605439,92991,3984
3605439,94085,3984
3605439,94616,3984
3605439,96269,3984
3605439,96663,3984
3605439,97165,3984
3605439,97796,3984
3605439,99163,3984
3605439,99307,3984
3605439,99535,3984
3605439,100130,3984
3605439,100200,3984
3605439,101385,3984
3605439,101514,3984
3605439,102052,3984
3605439,102144,3984
3605439,102483,3984
3605439,102559,3984
3605439,103449,3984
3605439,103823,3984
3605439,104779,3984
3605439,104974,3984
3605439,105399,3984
3605439,106125,3984
3605439,106319,3984
3605439,106926,3984
3605439,107186,3984
3605439,108012,3984
3605439,108433,3984
3605439,109463,3984
3605439,110865,3984
3605439,111825,3984
3605439,112583,3984
3605439,114247,3984
3605439,115256,3984
3605439,115291,3984
3605439,115351,3984
3605439,116127,3984
3605439,116860,3984
3605439,117181,3984
3605439,117190,3984
3605439,117501,3984
3605439,120015,3984
3605439,121096,3984
3605439,121761,3984
3605439,122059,3984
3605439,122426,3984
3605439,123334,3984
3605439,124164,3985
3605439,124239,3985
3605439,125503,3985
3605439,126323,3985
3605439,126416,3985
3605439,126421,3985
3605439,126803,3985
3605439,129354,3985
3605439,129604,3985
3605439,130275,3985
3605439,130506,3985
3605439,130677,3985
3605439,130877,3985
3605439,132016,3985
3605439,132174,3985
3605439,132642,3985
3605439,134170,3985
3605439,137210,3985
3605439,138043,3985
3605439,138071,3985
3605439,139189,3985
3605439,139786,3985
3605439,140470,3985
3605439,142129,3985
3605439,143218,3985
3605439,146407,3985
3605439,146675,3985
3605439,147146,3985
3605439,147544,3985
3605439,148577,3985
3605439,148873,3985
3605439,149178,3985
3605439,149295,3985
3605493,1644,3985
3605493,5753,3985
3605493,7319,3985
3605493,8144,3985
3605493,8235,3985
3605493,10382,3985
3605493,13534,3985
3605493,15168,3985
3605493,18838,3985
3605493,24505,3985
3605493,25563,3985
3605493,27215,3985
3605493,28274,3985
3605493,29564,3985
3605493,29782,3985
3605493,29944,3985
3605493,32176,3985
3605493,33518,3985
3605493,34915,3985
3605493,34990,3985
3605493,36081,3985
3605493,37444,3985
3605493,38401,3985
3605493,38736,3985
3605493,39462,3985
3605493,41692,3985
3605493,41858,3985
3605493,42948,3985
3605493,43210,3985
3605493,43481,3985
3605493,44792,3985
3605493,45756,3985
3605493,46728,3985
3605493,47467,3986
3605493,50462,3986
3605493,51570,3986
3605493,56939,3986
3605493,57244,3986
3605493,57400,3986
3605493,57408,3986
3605493,57498,3986
3605493,57885,3986
3605493,61992,3986
3605493,62743,3986
3605493,66202,3986
3605493,66555,3986
3605493,67123,3986
3605493,67271,3986
3605493,69625,3986
3605493,69693,3986
3605493,72648,3986
3605493,74550,3986
3605493,75685,3986
3605493,75891,3986
3605493,76216,3986
3605493,76279,3986
3605493,79399,3986
3605493,80227,3986
3605493,80765,3986
3605493,80865,3986
3605493,81182,3986
3605493,82507,3986
3605493,83517,3986
3605493,85958,3986
3605493,86126,3986
3605493,86539,3986
3605493,87183,3986
3605493,89908,3986
3605493,92158,3986
3605493,93368,3986
3605493,93453,3986
3605493,95649,3986
3605493,97030,3986
3605493,99548,3986
3605493,99756,3986
3605493,99997,3986
3605493,100607,3986
3605493,102188,3986
3605493,102324,3986
3605493,102406,3986
3605493,102714,3986
3605493,103077,3986
3605493,105295,3986
3605493,109615,3986
3605493,110332,3986
3605493,110653,3986
3605493,110732,3986
3605493,111412,3986
3605493,111892,3986
3605493,112885,3986
3605493,117614,3986
3605493,117993,3986
3605493,118730,3986
3605493,119950,3986
3605493,121276,3986
3605493,122158,3986
3605493,125878,3986
3605493,126661,3986
leaf730.txt
