leaf
3447739,70745,3412
3447739,71626,3412
3447739,75075,3412
3447739,79576,3412
3447739,82785,3412
3447739,84309,3412
3447739,89205,3412
3447739,95515,3412
3447739,102246,3412
3447739,103228,3412
3447739,104673,3412
3447739,107313,3412
3447739,113397,3412
3447739,114573,3412
3447739,119868,3412
3447739,120883,3412
3447739,121310,3412
3447739,126061,3412
3447739,126074,3412
3447739,132606,3412
3447739,134001,3412
3447739,136350,3412
3447739,137779,3412
3447739,142433,3412
3447739,145259,3412
3447802,4868,3409
3447802,9671,3409
3447802,35165,3409
3447802,37743,3409
3447802,38032,3409
3447802,38398,3409
3447802,38587,3409
3447802,40182,3409
3447802,41120,3409
3447802,42930,3409
3447802,43685,3409
3447802,45326,3409
3447802,47964,3409
3447802,48196,3409
3447802,56083,3409
3447802,57933,3409
3447802,59367,3409
3447802,59858,3409
3447802,64096,3409
3447802,68831,3409
3447802,72004,3409
3447802,72474,3409
3447802,74131,3409
3447802,81515,3409
3447802,83315,3409
3447802,85532,3409
3447802,89031,3409
3447802,90938,3409
3447802,91938,3409
3447802,93052,3409
3447802,100238,3409
3447802,109292,3409
3447802,116141,3409
3447802,116459,3409
3447802,118250,3409
3447802,123608,3409
3447802,129480,3409
3447802,133512,3409
3447802,137248,3409
3447802,139973,3409
3447903,9733,3414
3447903,10338,3414
3447903,13009,3414
3447903,17635,3414
3447903,19675,3414
3447903,23233,3414
3447903,24171,3414
3447903,24427,3414
3447903,25858,3414
3447903,26664,3414
3447903,26679,3414
3447903,28370,3414
3447903,31788,3414
3447903,31828,3414
3447903,35373,3414
3447903,35832,3414
3447903,38101,3414
3447903,51283,3414
3447903,55141,3414
3447903,58939,3414
3447903,61763,3414
3447903,65915,3414
3447903,66384,3414
3447903,69394,3414
3447903,69564,3414
3447903,70629,3414
3447903,90593,3414
3447903,91359,3414
3447903,93424,3414
3447903,97971,3414
3447903,103661,3415
3447903,108461,3415
3447903,108782,3415
3447903,112118,3415
3447903,114015,3415
3447903,120974,3415
3447903,121595,3415
3447903,123959,3415
3447903,124326,3415
3447903,129107,3415
3447903,134971,3415
3447903,139636,3415
3447903,140417,3415
3447903,141349,3415
3447903,143471,3415
3448122,6284,3419
3448122,7061,3419
3448122,10161,3419
3448122,14739,3419
3448122,15938,3419
3448122,18856,3419
3448122,21634,3419
3448122,24953,3419
3448122,27198,3419
3448122,27968,3419
3448122,48882,3419
3448122,57987,3419
3448122,66804,3419
3448122,67416,3419
3448122,70147,3419
3448122,76997,3419
3448122,80990,3419
3448122,87225,3419
3448122,88367,3419
3448122,91792,3419
3448122,93469,3419
3448122,97068,3419
3448122,97642,3419
3448122,99811,3419
3448122,100530,3419
3448122,110772,3419
3448122,111791,3419
3448122,113817,3419
3448122,121135,3419
3448122,122498,3419
3448122,126802,3419
3448122,127083,3419
3448122,131974,3419
3448122,143961,3419
3448122,145786,3419
3448129,299,3416
3448129,729,3416
3448129,2955,3416
3448129,3505,3416
3448129,6064,3416
3448129,6152,3416
3448129,6230,3416
3448129,7713,3416
3448129,8195,3416
3448129,9598,3416
3448129,10269,3416
3448129,15234,3416
3448129,16544,3416
3448129,19211,3416
3448129,19788,3417
3448129,22984,3417
3448129,24521,3417
3448129,27823,3417
3448129,29192,3417
3448129,29937,3417
3448129,31245,3417
3448129,31307,3417
3448129,33056,3417
3448129,33139,3417
3448129,33140,3417
3448129,34376,3417
3448129,34385,3417
3448129,35361,3417
3448129,40545,3417
3448129,41901,3417
3448129,42212,3417
3448129,43768,3417
3448129,45309,3417
3448129,47464,3417
3448129,53838,3417
3448129,55789,3417
3448129,56120,3417
3448129,59066,3417
3448129,64912,3417
3448129,68520,3417
3448129,71304,3417
3448129,73269,3417
3448129,80367,3417
3448129,81110,3417
3448129,83069,3417
3448129,84069,3417
3448129,85827,3417
3448129,86053,3417
3448129,86199,3417
3448129,88077,3417
3448129,90791,3417
3448129,92258,3417
3448129,93545,3417
3448129,94180,3417
3448129,94552,3417
3448129,96675,3417
3448129,97640,3417
3448129,98561,3417
3448129,102384,3417
3448129,103777,3417
3448129,104256,3417
3448129,104605,3417
3448129,108255,3417
3448129,108876,3417
3448129,113756,3417
3448129,113894,3417
3448129,120984,3417
3448129,122894,3417
3448129,128259,3417
3448129,129072,3417
3448129,130440,3417
3448129,134070,3417
3448129,139119,3417
3448129,146532,3417
3448734,14528,3415
3448734,28206,3415
3448734,34571,3415
3448734,36812,3415
3448734,39025,3415
3448734,44173,3415
3448734,73297,3415
3448734,99989,3415
3448734,117908,3415
3448734,119082,3415
3448734,128406,3415
3448734,128632,3415
3448734,128816,3415
3448734,137338,3415
3448734,143238,3415
3448736,726,3416
3448736,4263,3416
3448736,6433,3416
3448736,6672,3416
3448736,16043,3416
3448736,40611,3416
3448736,51193,3416
3448736,57813,3416
3448736,66895,3416
3448736,77174,3416
3448736,80660,3416
3448736,85472,3416
3448736,86318,3416
3448736,88062,3416
3448736,90461,3416
3448736,91110,3416
3448736,93724,3416
3448736,97699,3416
3448736,100046,3416
3448736,100672,3416
3448736,106915,3416
3448736,109623,3416
3448736,110077,3416
3448736,114849,3416
3448736,119493,3416
3448736,120234,3416
3448736,129504,3416
3448736,130207,3416
3448736,133183,3416
3448736,133606,3416
3448736,136951,3416
3448736,139116,3416
3448736,139242,3416
3448736,143866,3416
3448738,1237,3417
3448738,7763,3417
3448738,10647,3417
3448738,12746,3417
3448738,16317,3417
3448738,16827,3417
3448738,18288,3418
3448738,26178,3418
3448738,30430,3418
3448738,30703,3418
3448738,31102,3418
3448738,34649,3418
3448738,37891,3418
3448738,42237,3418
3448738,44936,3418
3448738,45945,3418
3448738,46656,3418
3448738,48047,3418
3448738,51193,3418
3448738,65748,3418
3448738,69885,3418
3448738,76018,3418
3448738,89963,3418
3448738,90185,3418
3448738,91838,3418
3448738,92980,3418
3448738,98858,3418
3448738,106509,3418
3448738,106513,3418
3448738,107977,3418
3448738,108474,3418
3448738,109970,3418
3448738,112505,3418
3448738,113310,3418
3448738,117311,3418
3448738,126078,3418
3448738,128397,3418
3448738,131977,3418
3448738,136682,3418
3448738,140035,3418
3448775,536,3418
3448775,3278,3418
3448775,4408,3418
3448775,9280,3418
3448775,11378,3418
3448775,14626,3418
3448775,16866,3418
3448775,19028,3418
3448775,23439,3418
3448775,25315,3418
3448775,26657,3418
3448775,34320,3418
3448775,34725,3418
3448775,35056,3418
3448775,40557,3418
3448775,40607,3418
3448775,40952,3418
3448775,41759,3418
3448775,49227,3418
3448775,50972,3418
3448775,57641,3418
3448775,71808,3418
3448775,73539,3418
3448775,74015,3418
3448775,82972,3418
3448775,92800,3418
3448775,105531,3418
3448775,106792,3418
3448775,108144,3418
3448775,108375,3418
3448775,109819,3418
3448775,116096,3418
3448775,118248,3419
3448775,119785,3419
3448775,120170,3419
3448775,120233,3419
3448775,128057,3419
3448775,130310,3419
3448775,131563,3419
3448775,142402,3419
3448775,147990,3419
3448844,4016,3416
3448844,4459,3416
3448844,23967,3416
3448844,29064,3416
3448844,41464,3416
3448844,43533,3416
3448844,47338,3416
3448844,61444,3416
3448844,63541,3416
3448844,66935,3416
3448844,72934,3416
3448844,73600,3416
leaf626.txt
