leaf
3227888,66342,2402
3227888,68212,2402
3227888,69414,2402
3227888,70576,2402
3227888,70620,2402
3227888,71682,2402
3227888,77817,2402
3227888,77875,2402
3227888,80526,2402
3227888,81190,2402
3227888,81408,2402
3227888,82475,2402
3227888,83268,2402
3227888,83869,2402
3227888,84428,2402
3227888,84698,2402
3227888,85562,2402
3227888,89133,2402
3227888,91753,2402
3227888,97077,2402
3227888,97158,2402
3227888,98597,2402
3227888,100742,2402
3227888,101640,2402
3227888,104216,2402
3227888,105693,2402
3227888,109352,2402
3227888,109635,2402
3227888,111726,2402
3227888,113667,2402
3227888,116164,2402
3227888,116461,2402
3227888,118069,2402
3227888,120445,2402
3227888,120943,2402
3227888,121640,2402
3227888,122922,2402
3227888,123214,2402
3227888,124690,2402
3227888,127597,2402
3227888,128181,2402
3227888,128219,2402
3227888,132691,2402
3227888,132928,2402
3227888,139232,2402
3227888,140846,2402
3227888,142226,2402
3227888,143402,2402
3227888,145608,2402
3227888,145986,2402
3227888,146363,2402
3227888,147558,2402
3227936,49,2403
3227936,917,2403
3227936,1639,2403
3227936,4604,2403
3227936,6617,2403
3227936,6638,2403
3227936,7802,2403
3227936,9406,2403
3227936,10286,2403
3227936,14654,2403
3227936,15896,2403
3227936,16047,2403
3227936,17929,2403
3227936,23493,2403
3227936,24564,2403
3227936,28090,2403
3227936,29474,2403
3227936,30170,2403
3227936,31338,2403
3227936,31719,2403
3227936,32156,2403
3227936,33245,2403
3227936,33964,2403
3227936,34233,2403
3227936,39132,2403
3227936,42003,2403
3227936,44916,2403
3227936,52195,2403
3227936,52528,2403
3227936,53196,2403
3227936,54048,2403
3227936,56746,2403
3227936,62744,2403
3227936,62934,2403
3227936,63992,2403
3227936,64689,2403
3227936,65610,2403
3227936,66461,2403
3227936,66731,2403
3227936,69249,2403
3227936,73168,2403
3227936,74241,2403
3227936,75400,2403
3227936,77817,2403
3227936,81038,2403
3227936,83934,2403
3227936,84168,2403
3227936,86107,2403
3227936,87250,2403
3227936,89003,2403
3227936,90604,2403
3227936,92181,2403
3227936,93407,2403
3227936,98016,2403
3227936,98858,2403
3227936,99775,2403
3227936,101180,2403
3227936,101899,2403
3227936,106132,2403
3227936,107206,2403
3227936,107615,2403
3227936,108569,2403
3227936,108946,2403
3227936,111292,2403
3227936,111726,2403
3227936,112440,2403
3227936,113466,2404
3227936,114319,2404
3227936,117555,2404
3227936,118073,2404
3227936,118186,2404
3227936,120456,2404
3227936,121030,2404
3227936,121203,2404
3227936,125498,2404
3227936,126033,2404
3227936,128509,2404
3227936,129023,2404
3227936,130338,2404
3227936,133872,2404
3227936,135463,2404
3227936,141234,2404
3227936,142940,2404
3227936,142952,2404
3227936,145986,2404
3227936,146505,2404
3227936,147161,2404
3228190,3167,2408
3228190,3182,2408
3228190,3268,2408
3228190,3576,2408
3228190,3840,2408
3228190,5768,2408
3228190,12951,2408
3228190,16474,2408
3228190,17236,2408
3228190,19494,2408
3228190,19733,2408
3228190,22132,2408
3228190,24243,2408
3228190,26333,2408
3228190,34155,2408
3228190,36823,2408
3228190,44877,2408
3228190,46553,2408
3228190,49017,2409
3228190,51064,2409
3228190,55658,2409
3228190,59636,2409
3228190,61355,2409
3228190,65788,2409
3228190,66413,2409
3228190,69641,2409
3228190,70401,2409
3228190,71067,2409
3228190,72242,2409
3228190,72638,2409
3228190,82107,2409
3228190,86411,2409
3228190,93949,2409
3228190,95809,2409
3228190,103203,2409
3228190,105902,2409
3228190,107487,2409
3228190,110694,2409
3228190,113550,2409
3228190,114314,2409
3228190,118580,2409
3228190,119638,2409
3228190,123917,2409
3228190,129054,2409
3228190,129917,2409
3228190,132786,2409
3228190,133423,2409
3228190,138769,2409
3228190,141580,2409
3228191,748,2410
3228191,4121,2410
3228191,4219,2410
3228191,4320,2410
3228191,5079,2410
3228191,5248,2410
3228191,6399,2410
3228191,9718,2410
3228191,11401,2410
3228191,11803,2410
3228191,13572,2410
3228191,14015,2410
3228191,15096,2410
3228191,16647,2410
3228191,16869,2410
3228191,22692,2410
3228191,28445,2410
3228191,28662,2410
3228191,29031,2410
3228191,29492,2410
3228191,34466,2411
3228191,35365,2411
3228191,36424,2411
3228191,37035,2411
3228191,37063,2411
3228191,37865,2411
3228191,41998,2411
3228191,42524,2411
3228191,42938,2411
3228191,43795,2411
3228191,44240,2411
3228191,44984,2411
3228191,45225,2411
3228191,46913,2411
3228191,47224,2411
3228191,48139,2411
3228191,49928,2411
3228191,50374,2411
3228191,52773,2411
3228191,52777,2411
3228191,55219,2411
3228191,55235,2411
3228191,55516,2411
3228191,56539,2411
3228191,57436,2411
3228191,59317,2411
3228191,59639,2411
3228191,61565,2411
3228191,63482,2411
3228191,64044,2411
3228191,67963,2411
3228191,68137,2411
3228191,69449,2411
3228191,70097,2411
3228191,72431,2411
3228191,73472,2411
3228191,76201,2411
3228191,79000,2411
3228191,79581,2411
3228191,80354,2411
3228191,83253,2411
3228191,84169,2411
3228191,85203,2411
3228191,86158,2411
3228191,87087,2411
3228191,89686,2411
3228191,91015,2411
3228191,91165,2411
3228191,92502,2411
3228191,94302,2411
3228191,94326,2411
3228191,97582,2411
3228191,99533,2411
3228191,100739,2411
3228191,101984,2411
3228191,103418,2411
3228191,109141,2411
3228191,112184,2411
3228191,112667,2411
3228191,113150,2411
3228191,113447,2411
3228191,113822,2411
3228191,114523,2411
3228191,115864,2411
3228191,116165,2411
3228191,116373,2411
3228191,119319,2412
3228191,119844,2412
3228191,121599,2412
3228191,124642,2412
3228191,125661,2412
3228191,127639,2412
3228191,128981,2412
3228191,130759,2412
3228191,135524,2412
3228191,135832,2412
3228191,136157,2412
3228191,136190,2412
3228191,136437,2412
3228191,136834,2412
3228191,137423,2412
3228191,137503,2412
3228191,139791,2412
3228191,141550,2412
3228191,142075,2412
3228191,144759,2412
3228191,145502,2412
3228241,1384,2409
3228241,1547,2409
3228241,6757,2409
3228241,14254,2409
3228241,16212,2409
3228241,16548,2409
3228241,22887,2409
3228241,23193,2409
3228241,24012,2409
3228241,25119,2409
3228241,26979,2409
3228241,27006,2409
3228241,27517,2409
3228241,35335,2409
3228241,44147,2409
3228241,48454,2409
3228241,49039,2409
3228241,50451,2409
3228241,51681,2409
3228241,53648,2409
3228241,54040,2409
3228241,54840,2409
3228241,56332,2409
3228241,62639,2409
3228241,66120,2409
3228241,66739,2409
3228241,72504,2409
3228241,77520,2409
3228241,78118,2409
3228241,79103,2409
3228241,82016,2409
3228241,82959,2409
3228241,85839,2409
3228241,86058,2409
3228241,87369,2409
3228241,90477,2410
3228241,90899,2410
3228241,94608,2410
3228241,94874,2410
3228241,95965,2410
3228241,95981,2410
3228241,99603,2410
3228241,102108,2410
3228241,102175,2410
3228241,104245,2410
3228241,108033,2410
3228241,111392,2410
3228241,111647,2410
3228241,111726,2410
3228241,114126,2410
3228241,115942,2410
3228241,119359,2410
3228241,119440,2410
3228241,122882,2410
3228241,123979,2410
3228241,124035,2410
3228241,124154,2410
3228241,125144,2410
3228241,128228,2410
3228241,128509,2410
3228241,132078,2410
3228241,133176,2410
3228241,134829,2410
3228241,135731,2410
3228241,137495,2410
3228241,137871,2410
leaf441.txt
