leaf
3427591,65405,3288
3427591,65990,3288
3427591,66571,3288
3427591,74090,3288
3427591,74136,3288
3427591,82218,3289
3427591,89853,3289
3427591,96390,3289
3427591,97361,3289
3427591,100060,3289
3427591,102853,3289
3427591,104192,3289
3427591,107211,3289
3427591,111320,3289
3427591,111386,3289
3427591,111464,3289
3427591,114971,3289
3427591,117819,3289
3427591,123830,3289
3427591,124069,3289
3427591,124783,3289
3427591,127079,3289
3427591,130553,3289
3427591,134330,3289
3427591,136334,3289
3427591,139626,3289
3427591,139700,3289
3427591,141048,3289
3427591,142689,3289
3427591,143269,3289
3427591,147152,3289
3427591,149175,3289
3427772,901,3290
3427772,1216,3290
3427772,1320,3290
3427772,2730,3290
3427772,9142,3290
3427772,11458,3290
3427772,11683,3290
3427772,20253,3290
3427772,21782,3290
3427772,23255,3290
3427772,24869,3290
3427772,26842,3290
3427772,27186,3290
3427772,33084,3290
3427772,36325,3290
3427772,41090,3290
3427772,41700,3290
3427772,44744,3290
3427772,45129,3290
3427772,45537,3290
3427772,56357,3290
3427772,57955,3290
3427772,58982,3290
3427772,59720,3290
3427772,60384,3290
3427772,62205,3290
3427772,62554,3290
3427772,63448,3291
3427772,69155,3291
3427772,70374,3291
3427772,71055,3291
3427772,71422,3291
3427772,74007,3291
3427772,76797,3291
3427772,81386,3291
3427772,83345,3291
3427772,85904,3291
3427772,91016,3291
3427772,98505,3291
3427772,104539,3291
3427772,106787,3291
3427772,106892,3291
3427772,110367,3291
3427772,110457,3291
3427772,113011,3291
3427772,113953,3291
3427772,115215,3291
3427772,116359,3291
3427772,117256,3291
3427772,117458,3291
3427772,121066,3291
3427772,121459,3291
3427772,124348,3291
3427772,124494,3291
3427772,125743,3291
3427772,126177,3291
3427772,126494,3291
3427772,127552,3291
3427772,128657,3291
3427772,132375,3291
3427772,133924,3291
3427772,137244,3291
3427772,138537,3291
3427772,141241,3291
3427772,144182,3291
3428292,34028,3299
3428292,36621,3299
3428292,37078,3299
3428292,60681,3299
3428292,67071,3299
3428292,73607,3299
3428292,80383,3299
3428292,93955,3299
3428292,99354,3299
3428292,99612,3299
3428292,102128,3299
3428292,102398,3299
3428292,107278,3299
3428292,110843,3299
3428292,115268,3299
3428292,118956,3299
3428292,121261,3299
3428292,127910,3299
3428292,131727,3299
3428292,140685,3299
3428292,145316,3299
3428317,2785,3298
3428317,14849,3299
3428317,16279,3299
3428317,20798,3299
3428317,25054,3299
3428317,26651,3299
3428317,29482,3299
3428317,29851,3299
3428317,33043,3299
3428317,35123,3299
3428317,35606,3299
3428317,37078,3299
3428317,49831,3299
3428317,52044,3299
3428317,59425,3299
3428317,63304,3299
3428317,69213,3299
3428317,74431,3299
3428317,74891,3299
3428317,83831,3299
3428317,90236,3299
3428317,92637,3299
3428317,106921,3299
3428317,107909,3299
3428317,116572,3299
3428317,125379,3299
3428317,125813,3299
3428317,129545,3299
3428317,134446,3299
3428317,140514,3299
3428317,140874,3299
3428317,145246,3299
3428317,146660,3299
3428317,148490,3299
3428318,2620,3296
3428318,3148,3296
3428318,10267,3296
3428318,15852,3296
3428318,22153,3296
3428318,22775,3296
3428318,31382,3296
3428318,34303,3296
3428318,40830,3296
3428318,46191,3296
3428318,46825,3296
3428318,49401,3296
3428318,53819,3296
3428318,59480,3296
3428318,62216,3296
3428318,66637,3296
3428318,67675,3296
3428318,71357,3296
3428318,71830,3296
3428318,72770,3296
3428318,76243,3296
3428318,83470,3296
3428318,84496,3296
3428318,85851,3296
3428318,87687,3296
3428318,94961,3296
3428318,94991,3296
3428318,105994,3296
3428318,107670,3296
3428318,126999,3296
3428318,128920,3296
3428318,129060,3296
3428318,130389,3296
3428318,136652,3296
3428318,139629,3296
3428318,142246,3296
3428318,143227,3296
3428318,146656,3296
3428369,1652,3296
3428369,1722,3296
3428369,6343,3296
3428369,7543,3296
3428369,10521,3297
3428369,11910,3297
3428369,18900,3297
3428369,20024,3297
3428369,20115,3297
3428369,23649,3297
3428369,23954,3297
3428369,28968,3297
3428369,34742,3297
3428369,38587,3297
3428369,39656,3297
3428369,42979,3297
3428369,43817,3297
3428369,44559,3297
3428369,44925,3297
3428369,53559,3297
3428369,61629,3297
3428369,62370,3297
3428369,63569,3297
3428369,66726,3297
3428369,68612,3297
3428369,75470,3297
3428369,78140,3297
3428369,78411,3297
3428369,79661,3297
3428369,80781,3297
3428369,82662,3297
3428369,85827,3297
3428369,87951,3297
3428369,89673,3297
3428369,91001,3297
3428369,92504,3297
3428369,102493,3297
3428369,102533,3297
3428369,104901,3297
3428369,107462,3297
3428369,107660,3297
3428369,108157,3297
3428369,115842,3297
3428369,117653,3297
3428369,118462,3297
3428369,122491,3297
3428369,124136,3297
3428369,125177,3297
3428369,127124,3297
3428369,127152,3297
3428369,129922,3297
3428369,130070,3297
3428369,133406,3297
3428369,133633,3297
3428369,135609,3297
3428369,143513,3297
3428369,146132,3297
3428369,146783,3297
3428369,147177,3297
3428369,148740,3297
3428438,11396,3296
3428438,28483,3296
3428438,41764,3296
3428438,72454,3296
3428438,78110,3296
3428438,82725,3296
3428438,89628,3296
3428438,100301,3296
3428438,100426,3296
3428438,134293,3296
3428747,1316,3299
3428747,2597,3299
3428747,5355,3299
3428747,7131,3299
3428747,8073,3299
3428747,9495,3299
3428747,10668,3299
3428747,11163,3299
3428747,11896,3299
3428747,15137,3299
3428747,15217,3299
3428747,16577,3299
3428747,17171,3300
3428747,17531,3300
3428747,19632,3300
3428747,20299,3300
3428747,21169,3300
3428747,21639,3300
3428747,24267,3300
3428747,24869,3300
3428747,27188,3300
3428747,27450,3300
3428747,27977,3300
3428747,30169,3300
3428747,30196,3300
3428747,31175,3300
3428747,34287,3300
3428747,36256,3300
3428747,37986,3300
3428747,40549,3300
3428747,41674,3300
3428747,41947,3300
3428747,45459,3300
3428747,46497,3300
3428747,50230,3300
3428747,51080,3300
3428747,52996,3300
3428747,54426,3300
3428747,54801,3300
3428747,57221,3300
3428747,59153,3300
3428747,59605,3300
3428747,59723,3300
3428747,62295,3300
3428747,66586,3300
3428747,67801,3300
3428747,70203,3300
3428747,70651,3300
3428747,71017,3300
3428747,71320,3300
3428747,73580,3300
3428747,75340,3300
3428747,76088,3300
3428747,77261,3300
3428747,78780,3300
3428747,79610,3300
3428747,81281,3300
3428747,82209,3300
3428747,84255,3300
3428747,87087,3300
3428747,88949,3300
3428747,90286,3300
3428747,91114,3300
3428747,91130,3300
3428747,92081,3300
3428747,93771,3300
3428747,95913,3300
3428747,97269,3300
3428747,97427,3300
3428747,99747,3300
3428747,99935,3300
3428747,102545,3300
3428747,105277,3300
3428747,106498,3300
3428747,108487,3300
3428747,109874,3300
3428747,110361,3300
3428747,112658,3300
3428747,114557,3301
3428747,118459,3301
3428747,118891,3301
3428747,120433,3301
3428747,123659,3301
3428747,125077,3301
3428747,125518,3301
3428747,129206,3301
3428747,130455,3301
3428747,131249,3301
3428747,132833,3301
3428747,132960,3301
3428747,140821,3301
3428747,142285,3301
3428747,142761,3301
3428747,142768,3301
3428747,143426,3301
3428747,146267,3301
3428883,1555,3297
3428883,1981,3297
3428883,6301,3297
3428883,7657,3297
3428883,8159,3297
leaf604.txt
