leaf
2896075,100096,1511
2896075,101880,1511
2896075,102541,1511
2896075,103435,1511
2896075,104104,1511
2896075,104587,1511
2896075,106262,1511
2896075,106430,1511
2896075,108785,1511
2896075,109654,1511
2896075,111073,1511
2896075,111884,1511
2896075,114161,1511
2896075,116078,1511
2896075,116960,1511
2896075,117338,1511
2896075,117481,1511
2896075,117508,1511
2896075,117532,1511
2896075,118885,1511
2896075,122040,1511
2896075,122404,1511
2896075,123063,1511
2896075,124441,1511
2896075,125834,1511
2896075,130290,1511
2896075,132165,1511
2896075,134290,1511
2896075,134655,1511
2896075,137647,1511
2896075,138072,1511
2896075,140322,1511
2896075,145834,1511
2896075,147684,1512
2896075,148252,1512
2896075,148345,1512
2896287,3978,1508
2896287,4673,1508
2896287,11009,1508
2896287,12175,1508
2896287,15745,1508
2896287,18062,1508
2896287,20328,1508
2896287,24849,1508
2896287,30255,1508
2896287,30534,1508
2896287,31780,1508
2896287,32109,1508
2896287,32835,1508
2896287,36072,1508
2896287,38741,1508
2896287,38845,1509
2896287,42743,1509
2896287,45499,1509
2896287,49028,1509
2896287,56737,1509
2896287,57527,1509
2896287,58951,1509
2896287,61280,1509
2896287,65819,1509
2896287,67489,1509
2896287,67709,1509
2896287,71199,1509
2896287,73327,1509
2896287,73921,1509
2896287,78393,1509
2896287,83671,1509
2896287,89241,1509
2896287,92514,1509
2896287,98684,1509
2896287,99268,1509
2896287,103402,1509
2896287,104701,1509
2896287,104707,1509
2896287,108505,1509
2896287,113791,1509
2896287,116997,1509
2896287,117943,1509
2896287,120014,1509
2896287,122124,1509
2896287,123289,1509
2896287,124318,1509
2896287,129744,1509
2896287,131154,1509
2896287,132954,1509
2896287,134514,1509
2896287,136095,1509
2896287,140796,1509
2896287,142440,1509
2896287,145122,1509
2896287,146186,1509
2896287,147670,1509
2896313,3661,1512
2896313,7843,1512
2896313,11258,1512
2896313,12752,1512
2896313,13825,1512
2896313,15362,1512
2896313,21587,1512
2896313,21860,1512
2896313,22933,1512
2896313,25469,1512
2896313,32305,1512
2896313,32321,1512
2896313,32871,1512
2896313,33104,1512
2896313,36104,1512
2896313,36334,1512
2896313,36944,1512
2896313,37469,1512
2896313,39862,1512
2896313,41469,1512
2896313,42259,1512
2896313,50673,1512
2896313,51352,1512
2896313,51760,1512
2896313,52158,1512
2896313,54674,1512
2896313,55274,1512
2896313,61725,1512
2896313,62266,1512
2896313,63557,1512
2896313,71647,1512
2896313,71889,1512
2896313,73473,1512
2896313,73526,1512
2896313,74417,1512
2896313,80145,1512
2896313,98992,1512
2896313,100365,1512
2896313,103729,1512
2896313,104260,1512
2896313,106058,1512
2896313,107708,1512
2896313,108105,1512
2896313,108134,1512
2896313,110411,1512
2896313,111764,1512
2896313,116322,1512
2896313,127442,1512
2896313,129877,1512
2896313,130446,1512
2896313,131086,1512
2896313,133093,1512
2896313,133278,1512
2896313,139758,1512
2896313,140392,1512
2896313,141240,1512
2896313,144838,1512
2896313,146147,1512
2896313,146706,1512
2896313,148169,1512
2897444,3479,1514
2897444,3984,1514
2897444,4712,1514
2897444,5341,1514
2897444,11615,1514
2897444,12548,1514
2897444,13398,1514
2897444,18711,1514
2897444,22942,1514
2897444,24754,1514
2897444,27936,1514
2897444,29081,1514
2897444,34082,1514
2897444,37605,1514
2897444,38094,1514
2897444,41767,1514
2897444,47232,1514
2897444,47872,1514
2897444,48378,1514
2897444,48766,1514
2897444,59375,1514
2897444,69702,1514
2897444,70787,1514
2897444,72407,1514
2897444,73997,1514
2897444,74472,1514
2897444,77800,1514
2897444,78250,1514
2897444,79406,1514
2897444,83459,1514
2897444,83650,1514
2897444,86649,1514
2897444,94004,1514
2897444,94255,1514
2897444,102277,1514
2897444,108772,1514
2897444,111387,1514
2897444,113066,1514
2897444,116096,1514
2897444,116876,1514
2897444,120507,1514
2897444,127788,1514
2897444,129379,1514
2897444,130370,1514
2897444,132902,1514
2897444,135443,1514
2897444,138066,1514
2897444,138102,1514
2897444,140856,1514
2897444,141751,1514
2897467,1984,1512
2897467,6817,1512
2897467,8338,1512
2897467,9565,1513
2897467,11206,1513
2897467,11296,1513
2897467,12431,1513
2897467,13443,1513
2897467,16993,1513
2897467,18025,1513
2897467,18459,1513
2897467,21257,1513
2897467,27134,1513
2897467,29560,1513
2897467,32423,1513
2897467,33459,1513
2897467,37623,1513
2897467,40739,1513
2897467,42947,1513
2897467,43364,1513
2897467,44046,1513
2897467,44788,1513
2897467,45428,1513
2897467,46759,1513
2897467,48241,1513
2897467,51018,1513
2897467,51486,1513
2897467,52518,1513
2897467,52869,1513
2897467,53507,1513
2897467,58014,1513
2897467,65037,1513
2897467,74714,1513
2897467,76598,1513
2897467,76648,1513
2897467,78142,1513
2897467,80007,1513
2897467,81186,1513
2897467,81476,1513
2897467,83895,1513
2897467,87693,1513
2897467,87696,1513
2897467,88331,1513
2897467,88570,1513
2897467,95781,1513
2897467,100597,1513
2897467,106681,1513
2897467,107261,1513
2897467,109048,1513
2897467,110131,1513
2897467,111237,1513
2897467,111445,1513
2897467,112835,1513
2897467,115240,1513
2897467,118160,1513
2897467,118634,1513
2897467,121315,1513
2897467,121680,1513
2897467,121987,1513
2897467,123996,1513
2897467,126185,1513
2897467,133194,1513
2897467,133386,1513
2897467,136662,1513
2897467,139593,1513
2897467,141286,1513
2897467,142502,1513
2897467,146179,1513
2897467,148831,1513
2897477,2839,1514
2897477,3488,1514
2897477,4628,1514
2897477,5289,1514
2897477,6572,1514
2897477,6798,1514
2897477,6858,1514
2897477,8624,1514
2897477,9244,1514
2897477,10257,1514
2897477,14193,1514
2897477,15291,1514
2897477,15778,1514
2897477,16250,1514
2897477,16519,1514
2897477,17011,1514
2897477,18900,1515
2897477,18952,1515
2897477,19350,1515
2897477,19795,1515
2897477,22546,1515
2897477,24868,1515
2897477,25208,1515
2897477,25740,1515
2897477,25893,1515
2897477,28250,1515
2897477,28773,1515
2897477,29600,1515
2897477,30723,1515
2897477,34492,1515
2897477,34682,1515
2897477,41235,1515
2897477,41298,1515
2897477,44529,1515
2897477,48669,1515
2897477,49702,1515
2897477,52522,1515
2897477,53565,1515
2897477,54500,1515
2897477,57217,1515
2897477,60830,1515
2897477,63471,1515
2897477,66376,1515
2897477,67003,1515
2897477,67603,1515
2897477,69535,1515
2897477,69563,1515
2897477,69696,1515
2897477,72116,1515
2897477,72880,1515
2897477,73385,1515
2897477,77854,1515
2897477,77948,1515
2897477,80262,1515
2897477,82140,1515
2897477,84238,1515
2897477,85045,1515
2897477,85537,1515
2897477,89926,1515
2897477,90571,1515
2897477,90986,1515
2897477,92486,1515
2897477,92544,1515
2897477,92671,1515
2897477,95019,1515
2897477,95365,1515
2897477,96959,1515
2897477,97810,1515
2897477,99330,1515
2897477,99970,1515
2897477,100075,1515
2897477,107553,1515
2897477,113300,1515
2897477,114495,1515
2897477,114567,1515
2897477,117025,1515
2897477,117265,1515
2897477,117320,1515
2897477,117441,1515
2897477,117703,1515
2897477,119214,1515
2897477,121680,1515
2897477,130210,1516
2897477,130572,1516
2897477,133444,1516
2897477,138511,1516
2897477,138561,1516
2897477,139148,1516
2897477,141425,1516
2897477,142121,1516
leaf278.txt
