leaf
3211338,42175,2356
3211338,46090,2356
3211338,46802,2356
3211338,56700,2356
3211338,63689,2356
3211338,64864,2356
3211338,68686,2356
3211338,70481,2356
3211338,71880,2356
3211338,72224,2356
3211338,80542,2356
3211338,80647,2356
3211338,80664,2356
3211338,84418,2356
3211338,84530,2356
3211338,85258,2356
3211338,86259,2356
3211338,87267,2356
3211338,89494,2356
3211338,103844,2356
3211338,113723,2356
3211338,114964,2357
3211338,117278,2357
3211338,120057,2357
3211338,121628,2357
3211338,127938,2357
3211338,131534,2357
3211338,139311,2357
3211338,141768,2357
3211338,143194,2357
3211338,143496,2357
3211338,147823,2357
3212513,3117,2360
3212513,3283,2360
3212513,3844,2360
3212513,4873,2360
3212513,11674,2360
3212513,13234,2360
3212513,21931,2360
3212513,23845,2361
3212513,28491,2361
3212513,34056,2361
3212513,41120,2361
3212513,48045,2361
3212513,54819,2361
3212513,56648,2361
3212513,62181,2361
3212513,70203,2361
3212513,70414,2361
3212513,70763,2361
3212513,71821,2361
3212513,80800,2361
3212513,87617,2361
3212513,90285,2361
3212513,90307,2361
3212513,93145,2361
3212513,95416,2361
3212513,95513,2361
3212513,97228,2361
3212513,102775,2361
3212513,108387,2361
3212513,112396,2361
3212513,117629,2361
3212513,123650,2361
3212513,125146,2361
3212513,126647,2361
3212513,126711,2361
3212513,128064,2361
3212513,134327,2361
3212513,142380,2361
3212591,499,2358
3212591,5925,2358
3212591,14012,2358
3212591,14220,2358
3212591,22019,2359
3212591,34004,2359
3212591,45320,2359
3212591,47628,2359
3212591,49827,2359
3212591,52803,2359
3212591,55089,2359
3212591,55529,2359
3212591,59810,2359
3212591,62314,2359
3212591,63470,2359
3212591,63830,2359
3212591,70832,2359
3212591,77758,2359
3212591,78047,2359
3212591,88919,2359
3212591,90225,2359
3212591,99729,2359
3212591,99797,2359
3212591,102532,2359
3212591,102679,2359
3212591,105045,2359
3212591,109165,2359
3212591,110667,2359
3212591,110941,2359
3212591,110975,2359
3212591,112640,2359
3212591,113425,2359
3212591,119392,2359
3212591,121320,2359
3212591,122281,2359
3212591,142883,2359
3212591,148176,2359
3212650,1005,2359
3212650,2449,2359
3212650,2784,2359
3212650,5328,2359
3212650,6657,2359
3212650,9900,2359
3212650,15139,2359
3212650,16115,2359
3212650,19456,2359
3212650,26479,2359
3212650,28402,2359
3212650,28440,2359
3212650,30943,2359
3212650,31448,2359
3212650,35877,2359
3212650,37169,2359
3212650,38106,2359
3212650,38734,2359
3212650,45902,2359
3212650,47175,2359
3212650,48502,2359
3212650,50626,2359
3212650,52869,2359
3212650,54717,2359
3212650,54812,2359
3212650,67005,2359
3212650,67730,2359
3212650,68850,2359
3212650,72790,2359
3212650,72837,2359
3212650,72927,2359
3212650,75587,2359
3212650,75818,2359
3212650,83239,2360
3212650,84199,2360
3212650,85583,2360
3212650,87756,2360
3212650,94124,2360
3212650,95488,2360
3212650,96029,2360
3212650,96885,2360
3212650,97358,2360
3212650,97407,2360
3212650,97515,2360
3212650,101269,2360
3212650,104964,2360
3212650,107026,2360
3212650,108363,2360
3212650,108831,2360
3212650,109760,2360
3212650,110087,2360
3212650,111381,2360
3212650,111427,2360
3212650,112742,2360
3212650,118635,2360
3212650,120749,2360
3212650,125200,2360
3212650,125815,2360
3212650,130053,2360
3212650,132146,2360
3212650,133967,2360
3212650,134644,2360
3212650,137147,2360
3212650,138181,2360
3212650,146725,2360
3212650,149076,2360
3212737,957,2360
3212737,6659,2360
3212737,15322,2360
3212737,16137,2360
3212737,16328,2360
3212737,19032,2360
3212737,42058,2360
3212737,44054,2360
3212737,45902,2360
3212737,48104,2360
3212737,50404,2360
3212737,50657,2360
3212737,54196,2360
3212737,69870,2360
3212737,79382,2360
3212737,92397,2360
3212737,93441,2360
3212737,94940,2360
3212737,107037,2360
3212737,110498,2360
3212737,118037,2360
3212737,121746,2360
3212737,123032,2360
3212737,123516,2360
3212737,123606,2360
3212737,126447,2360
3215372,5106,2362
3215372,6715,2362
3215372,19731,2362
3215372,20261,2362
3215372,22987,2362
3215372,25204,2362
3215372,32261,2362
3215372,37214,2362
3215372,44681,2362
3215372,47223,2363
3215372,48173,2363
3215372,51702,2363
3215372,52581,2363
3215372,54075,2363
3215372,57270,2363
3215372,59951,2363
3215372,63273,2363
3215372,66095,2363
3215372,67367,2363
3215372,68913,2363
3215372,77087,2363
3215372,79128,2363
3215372,79217,2363
3215372,81169,2363
3215372,83944,2363
3215372,86599,2363
3215372,93158,2363
3215372,96248,2363
3215372,96265,2363
3215372,97913,2363
3215372,102286,2363
3215372,111566,2363
3215372,111746,2363
3215372,119274,2363
3215372,121430,2363
3215372,127363,2363
3215372,127660,2363
3215372,131640,2363
3215372,133052,2363
3215372,133667,2363
3215925,610,2361
3215925,1048,2361
3215925,9101,2361
3215925,9647,2361
3215925,10499,2361
3215925,11144,2361
3215925,12425,2361
3215925,13850,2361
3215925,14134,2361
3215925,15267,2361
3215925,18340,2361
3215925,19134,2361
3215925,20639,2361
3215925,20794,2361
3215925,25782,2361
3215925,25811,2361
3215925,28678,2361
3215925,29990,2361
3215925,30261,2361
3215925,32344,2361
3215925,34917,2361
3215925,36187,2361
3215925,38444,2361
3215925,40192,2361
3215925,41434,2361
3215925,42003,2361
3215925,42164,2361
3215925,42945,2361
3215925,43048,2361
3215925,43690,2361
3215925,45751,2361
3215925,47264,2361
3215925,47527,2361
3215925,49191,2361
3215925,50085,2361
3215925,50238,2362
3215925,52820,2362
3215925,54780,2362
3215925,56179,2362
3215925,59667,2362
3215925,61207,2362
3215925,61270,2362
3215925,64124,2362
3215925,67073,2362
3215925,70810,2362
3215925,74123,2362
3215925,74573,2362
3215925,76679,2362
3215925,76879,2362
3215925,77929,2362
3215925,79335,2362
3215925,80705,2362
3215925,82309,2362
3215925,84946,2362
3215925,86201,2362
3215925,86380,2362
3215925,89643,2362
3215925,92944,2362
3215925,95298,2362
3215925,95400,2362
3215925,95513,2362
3215925,95770,2362
3215925,96347,2362
3215925,96921,2362
3215925,97633,2362
3215925,98438,2362
3215925,102950,2362
3215925,103217,2362
3215925,104286,2362
3215925,104686,2362
3215925,107415,2362
3215925,112570,2362
3215925,112618,2362
3215925,113243,2362
3215925,114350,2362
3215925,115424,2362
3215925,116186,2362
3215925,117090,2362
3215925,117168,2362
3215925,117779,2362
3215925,121820,2362
3215925,123606,2362
3215925,129642,2362
3215925,130545,2362
3215925,130959,2362
3215925,132582,2362
3215925,134633,2362
3215925,135032,2362
3215925,135430,2362
3215925,135432,2362
3215925,142424,2362
3215925,147724,2362
3215962,4182,2363
3215962,4425,2363
3215962,12620,2363
3215962,16659,2363
3215962,20562,2363
3215962,21107,2363
3215962,21287,2363
3215962,31610,2363
3215962,32395,2363
3215962,38401,2363
3215962,42757,2363
3215962,46804,2363
3215962,54512,2363
3215962,63982,2363
3215962,68832,2363
3215962,73737,2363
3215962,74001,2363
3215962,75334,2363
3215962,75595,2363
3215962,86045,2363
3215962,88512,2363
3215962,92433,2363
3215962,104000,2363
3215962,113558,2363
3215962,113674,2363
3215962,114927,2363
3215962,115740,2363
3215962,119979,2363
3215962,123497,2363
3215962,128191,2363
leaf433.txt
