leaf
2632466,87308,698
2632466,87569,698
2632466,87869,698
2632466,88181,698
2632466,90495,698
2632466,91224,698
2632466,91819,698
2632466,92489,698
2632466,92628,698
2632466,92940,698
2632466,95003,698
2632466,97996,698
2632466,98475,698
2632466,99428,698
2632466,100121,698
2632466,100215,698
2632466,100437,698
2632466,100569,698
2632466,101638,698
2632466,102232,698
2632466,102899,698
2632466,103777,698
2632466,103987,698
2632466,105191,699
2632466,105424,699
2632466,106062,699
2632466,106078,699
2632466,106596,699
2632466,107217,699
2632466,107553,699
2632466,108875,699
2632466,109991,699
2632466,112999,699
2632466,114176,699
2632466,114958,699
2632466,117163,699
2632466,117384,699
2632466,117620,699
2632466,117767,699
2632466,117990,699
2632466,118774,699
2632466,120119,699
2632466,122732,699
2632466,122981,699
2632466,123755,699
2632466,125186,699
2632466,127144,699
2632466,127302,699
2632466,127323,699
2632466,128594,699
2632466,129455,699
2632466,131447,699
2632466,132907,699
2632466,133590,699
2632466,135153,699
2632466,135647,699
2632466,138753,699
2632466,139735,699
2632466,139795,699
2632466,140525,699
2632466,141734,699
2632466,142371,699
2632466,143184,699
2632466,143603,699
2632466,144564,699
2632466,144598,699
2632466,145970,699
2632466,146078,699
2632466,146307,699
2632466,146405,699
2632466,146917,699
2632466,147476,699
2632466,148285,699
2632466,149157,699
2632466,149334,699
2632466,149339,699
2632478,3705,700
2632478,5742,700
2632478,7403,700
2632478,22348,700
2632478,26597,700
2632478,30868,700
2632478,31142,700
2632478,38698,700
2632478,47685,700
2632478,55792,700
2632478,58569,700
2632478,61585,700
2632478,67536,700
2632478,70533,700
2632478,78632,700
2632478,81406,700
2632478,85445,700
2632478,85506,700
2632478,92924,700
2632478,102327,700
2632478,103415,700
2632478,106183,701
2632478,112641,701
2632478,121788,701
2632478,136502,701
2632478,144093,701
2632562,6577,702
2632562,12241,702
2632562,20618,702
2632562,23923,702
2632562,25854,702
2632562,26479,702
2632562,30852,702
2632562,40754,702
2632562,66748,702
2632562,66802,702
2632562,67067,702
2632562,70263,702
2632562,77645,702
2632562,81520,702
2632562,83448,702
2632562,90586,702
2632562,100256,702
2632562,100998,702
2632562,103827,702
2632562,105776,702
2632562,106077,702
2632562,107651,702
2632562,108590,702
2632562,110448,702
2632562,111178,702
2632562,120370,702
2632562,121411,702
2632562,123343,702
2632562,123999,702
2632562,124015,702
2632562,124633,702
2632562,132853,702
2632562,133873,702
2632562,140928,702
2632562,141413,702
2632829,2149,701
2632829,3250,701
2632829,8026,701
2632829,12993,701
2632829,14626,701
2632829,21400,701
2632829,23779,701
2632829,23789,701
2632829,27643,701
2632829,29328,701
2632829,32490,701
2632829,34467,701
2632829,37974,701
2632829,40679,701
2632829,49494,701
2632829,54775,701
2632829,56921,701
2632829,56959,701
2632829,62184,701
2632829,64449,701
2632829,66356,701
2632829,66984,701
2632829,67675,701
2632829,67869,701
2632829,69402,701
2632829,73534,701
2632829,76506,701
2632829,82341,701
2632829,84313,701
2632829,86794,701
2632829,87224,701
2632829,88505,701
2632829,94158,701
2632829,95013,701
2632829,97093,701
2632829,104183,701
2632829,105029,701
2632829,111042,701
2632829,111567,701
2632829,112925,701
2632829,113389,701
2632829,114539,701
2632829,114690,701
2632829,117516,701
2632829,118277,701
2632829,118833,701
2632829,119454,701
2632829,119501,701
2632829,119806,701
2632829,122249,701
2632829,122973,701
2632829,123887,701
2632829,124027,701
2632829,125299,701
2632829,126049,701
2632829,131606,701
2632829,132023,701
2632829,134820,701
2632829,135183,701
2632829,137000,701
2632829,143060,701
2632829,148740,702
2632829,149035,702
2633227,8518,704
2633227,13345,704
2633227,39527,704
2633227,42338,704
2633227,48468,704
2633227,50668,704
2633227,63595,704
2633227,63813,704
2633227,65069,704
2633227,65352,704
2633227,66674,704
2633227,70976,704
2633227,85321,704
2633227,85554,704
2633227,89338,704
2633227,100616,704
2633227,103334,704
2633227,107328,704
2633227,115497,704
2633227,118230,704
2633227,118493,704
2633227,118917,704
2633227,120671,704
2633227,121508,704
2633227,129796,704
2633227,136538,704
2633227,141977,704
2633227,143514,704
2633227,147375,704
2633562,285,710
2633562,849,710
2633562,1085,710
2633562,1384,710
2633562,1410,710
2633562,2686,710
2633562,2735,710
2633562,3407,710
2633562,5220,710
2633562,5613,710
2633562,7362,710
2633562,7373,710
2633562,9841,710
2633562,14534,710
2633562,14634,710
2633562,15001,710
2633562,17061,710
2633562,19346,710
2633562,19770,710
2633562,20411,710
2633562,20635,710
2633562,20746,710
2633562,21062,710
2633562,22143,710
2633562,24382,710
2633562,25996,711
2633562,26818,711
2633562,27115,711
2633562,27551,711
2633562,29872,711
2633562,31623,711
2633562,31793,711
2633562,32382,711
2633562,33341,711
2633562,37105,711
2633562,38223,711
2633562,38247,711
2633562,42715,711
2633562,44426,711
2633562,46780,711
2633562,47899,711
2633562,48154,711
2633562,48613,711
2633562,48865,711
2633562,53687,711
2633562,57937,711
2633562,58337,711
2633562,59567,711
2633562,63540,711
2633562,73781,711
2633562,74184,711
2633562,74635,711
2633562,74978,711
2633562,75764,711
2633562,76282,711
2633562,76297,711
2633562,76572,711
2633562,77813,711
2633562,78646,711
2633562,79470,711
2633562,80385,711
2633562,82345,711
2633562,84290,711
2633562,87097,711
2633562,87570,711
2633562,87890,711
2633562,89304,711
2633562,92259,711
2633562,95101,711
2633562,98696,711
2633562,104291,711
2633562,105509,711
2633562,106733,711
2633562,108289,711
2633562,108461,711
2633562,109257,711
2633562,116198,711
2633562,119451,711
2633562,119526,711
2633562,120049,711
2633562,120675,711
2633562,120875,711
2633562,121104,711
2633562,121153,711
2633562,121849,711
2633562,122762,711
2633562,124440,711
2633562,124799,711
2633562,126518,711
2633562,127618,711
2633562,127626,711
2633562,130872,712
2633562,131302,712
2633562,136484,712
2633562,139824,712
2633562,141634,712
2633562,144076,712
2633562,147384,712
2633613,1410,704
2633613,4236,704
2633613,7130,704
2633613,8683,704
2633613,13087,704
2633613,13823,704
2633613,14152,704
2633613,14477,704
2633613,15137,704
2633613,20191,704
2633613,20618,704
2633613,21208,704
2633613,24833,704
2633613,25037,704
2633613,25667,704
2633613,29745,704
2633613,29748,704
2633613,29783,704
2633613,31309,704
2633613,32002,704
2633613,33871,704
2633613,38874,704
2633613,43140,704
2633613,45430,704
2633613,47736,704
2633613,49952,704
2633613,50839,705
2633613,55646,705
2633613,65386,705
2633613,65662,705
2633613,65861,705
2633613,67196,705
2633613,68612,705
2633613,73773,705
leaf130.txt
