leaf
3266004,42132,2529
3266004,42460,2529
3266004,48194,2529
3266004,51394,2529
3266004,66954,2529
3266004,67211,2529
3266004,68476,2529
3266004,69655,2529
3266004,71787,2529
3266004,86156,2529
3266004,93167,2529
3266004,93312,2529
3266004,93475,2529
3266004,95853,2529
3266004,101731,2529
3266004,113673,2529
3266004,114655,2529
3266004,120738,2529
3266004,121713,2529
3266004,128021,2529
3266004,129132,2529
3266004,131958,2529
3266004,136668,2529
3266004,137349,2529
3266623,2051,2527
3266623,5200,2527
3266623,7504,2527
3266623,9046,2527
3266623,10115,2527
3266623,10121,2527
3266623,10392,2527
3266623,11973,2527
3266623,13974,2527
3266623,15628,2528
3266623,16377,2528
3266623,17384,2528
3266623,18074,2528
3266623,18676,2528
3266623,18702,2528
3266623,19191,2528
3266623,22679,2528
3266623,24373,2528
3266623,25492,2528
3266623,25718,2528
3266623,28096,2528
3266623,29844,2528
3266623,32909,2528
3266623,34960,2528
3266623,35111,2528
3266623,35557,2528
3266623,36119,2528
3266623,39285,2528
3266623,39471,2528
3266623,42345,2528
3266623,44263,2528
3266623,44419,2528
3266623,44799,2528
3266623,45674,2528
3266623,45751,2528
3266623,46566,2528
3266623,47389,2528
3266623,48409,2528
3266623,48815,2528
3266623,49793,2528
3266623,52023,2528
3266623,56919,2528
3266623,60015,2528
3266623,62217,2528
3266623,63666,2528
3266623,64079,2528
3266623,68169,2528
3266623,70058,2528
3266623,71750,2528
3266623,71825,2528
3266623,75534,2528
3266623,79490,2528
3266623,83798,2528
3266623,85873,2528
3266623,86122,2528
3266623,87044,2528
3266623,87103,2528
3266623,89042,2528
3266623,89657,2528
3266623,92556,2528
3266623,93688,2528
3266623,94035,2528
3266623,99803,2528
3266623,99837,2528
3266623,101310,2528
3266623,101852,2528
3266623,103532,2528
3266623,107472,2528
3266623,107782,2528
3266623,107905,2528
3266623,108263,2528
3266623,108299,2528
3266623,109255,2528
3266623,109754,2528
3266623,110320,2528
3266623,110498,2529
3266623,110932,2529
3266623,110957,2529
3266623,111062,2529
3266623,111875,2529
3266623,117612,2529
3266623,117981,2529
3266623,121713,2529
3266623,122396,2529
3266623,123264,2529
3266623,124924,2529
3266623,125875,2529
3266623,126244,2529
3266623,127536,2529
3266623,130908,2529
3266623,132692,2529
3266623,134469,2529
3266623,134978,2529
3266623,137367,2529
3266623,140021,2529
3266623,140740,2529
3266623,140807,2529
3266623,141341,2529
3266623,142402,2529
3266623,145237,2529
3266623,145257,2529
3266623,147697,2529
3266830,1983,2529
3266830,5419,2529
3266830,7055,2529
3266830,12268,2529
3266830,14280,2529
3266830,18500,2530
3266830,18616,2530
3266830,23560,2530
3266830,23846,2530
3266830,25739,2530
3266830,28474,2530
3266830,28843,2530
3266830,33518,2530
3266830,33608,2530
3266830,36579,2530
3266830,37438,2530
3266830,38511,2530
3266830,38881,2530
3266830,40600,2530
3266830,41810,2530
3266830,43481,2530
3266830,45718,2530
3266830,45969,2530
3266830,47578,2530
3266830,48500,2530
3266830,53281,2530
3266830,53694,2530
3266830,58186,2530
3266830,58701,2530
3266830,58765,2530
3266830,63918,2530
3266830,65438,2530
3266830,66541,2530
3266830,68347,2530
3266830,68623,2530
3266830,73492,2530
3266830,74184,2530
3266830,75314,2530
3266830,76243,2530
3266830,77362,2530
3266830,82174,2530
3266830,84267,2530
3266830,86480,2530
3266830,88127,2530
3266830,89347,2530
3266830,89576,2530
3266830,89908,2530
3266830,91253,2530
3266830,91426,2530
3266830,91549,2530
3266830,93375,2530
3266830,94705,2530
3266830,100378,2530
3266830,101972,2530
3266830,104422,2530
3266830,105654,2530
3266830,105743,2530
3266830,112563,2530
3266830,112627,2530
3266830,115857,2530
3266830,116095,2530
3266830,118056,2530
3266830,119704,2530
3266830,127253,2530
3266830,127890,2530
3266830,129263,2530
3266830,130286,2530
3266830,131977,2530
3266830,132914,2530
3266830,133097,2530
3266830,135482,2530
3266830,136204,2531
3266830,141392,2531
3266830,141685,2531
3266830,146768,2531
3266830,148418,2531
3266830,148723,2531
3266830,148968,2531
3267016,1364,2532
3267016,2532,2532
3267016,29153,2532
3267016,31586,2532
3267016,40742,2532
3267016,42363,2532
3267016,43284,2532
3267016,54061,2532
3267016,63402,2532
3267016,79315,2532
3267016,85968,2532
3267016,87118,2532
3267016,95134,2532
3267016,97129,2532
3267016,99538,2532
3267016,99737,2532
3267016,99966,2532
3267016,109565,2532
3267016,111726,2532
3267016,114268,2532
3267016,127520,2533
3267016,132073,2533
3267016,133598,2533
3267016,134006,2533
3267016,138312,2533
3267016,144672,2533
3267016,146028,2533
3267163,4366,2535
3267163,5799,2535
3267163,8233,2535
3267163,12711,2535
3267163,13759,2535
3267163,16794,2535
3267163,17952,2535
3267163,20120,2535
3267163,21086,2535
3267163,21958,2535
3267163,22308,2535
3267163,25815,2535
3267163,26505,2535
3267163,28256,2535
3267163,31984,2535
3267163,32507,2535
3267163,33072,2535
3267163,36680,2535
3267163,37955,2535
3267163,38398,2535
3267163,40974,2535
3267163,43224,2535
3267163,43810,2535
3267163,45210,2535
3267163,47808,2535
3267163,50572,2535
3267163,55898,2535
3267163,58074,2535
3267163,58366,2535
3267163,58558,2535
3267163,58727,2535
3267163,59350,2535
3267163,61721,2535
3267163,63140,2535
3267163,63231,2535
3267163,63675,2535
3267163,65044,2535
3267163,66406,2535
3267163,71099,2535
3267163,71356,2535
3267163,73144,2535
3267163,77492,2535
3267163,79077,2535
3267163,80948,2535
3267163,81520,2535
3267163,84299,2535
3267163,84369,2535
3267163,85985,2535
3267163,87661,2535
3267163,90854,2535
3267163,91617,2535
3267163,92819,2535
3267163,94073,2535
3267163,97803,2535
3267163,99862,2536
3267163,100991,2536
3267163,101072,2536
3267163,102915,2536
3267163,107376,2536
3267163,108039,2536
3267163,111986,2536
3267163,114457,2536
3267163,114666,2536
3267163,116418,2536
3267163,119630,2536
3267163,119820,2536
3267163,121601,2536
3267163,121842,2536
3267163,122782,2536
3267163,123047,2536
3267163,126067,2536
3267163,128718,2536
3267163,129750,2536
3267163,130051,2536
3267163,130870,2536
3267163,134638,2536
3267163,135969,2536
3267163,136300,2536
3267163,136604,2536
3267163,138401,2536
3267163,138953,2536
3267163,139629,2536
3267163,139776,2536
3267163,142301,2536
3267163,148556,2536
3267163,148944,2536
3267188,1511,2536
3267188,3185,2536
3267188,5954,2536
3267188,14134,2536
3267188,17750,2536
3267188,19661,2536
3267188,19813,2536
3267188,22093,2536
3267188,22397,2536
3267188,22978,2536
3267188,23861,2536
3267188,23923,2536
3267188,24540,2536
3267188,24573,2536
3267188,25506,2536
3267188,25790,2536
3267188,25900,2536
3267188,26941,2536
3267188,27697,2536
3267188,28494,2536
3267188,29680,2536
3267188,29982,2536
3267188,33074,2536
3267188,35171,2536
3267188,37792,2536
3267188,40287,2536
3267188,40713,2536
3267188,42141,2536
3267188,43703,2536
3267188,44675,2536
3267188,48966,2536
3267188,50085,2536
3267188,52681,2536
3267188,53062,2536
3267188,57392,2537
3267188,59127,2537
3267188,59296,2537
3267188,65039,2537
3267188,65367,2537
3267188,66048,2537
3267188,69637,2537
3267188,71808,2537
3267188,74151,2537
3267188,75571,2537
leaf464.txt
