leaf
3355940,118868,2878
3355940,119707,2878
3355940,122838,2878
3355940,126156,2878
3355940,133296,2878
3355940,135190,2878
3355940,136699,2878
3355940,137904,2878
3355940,141310,2878
3355940,144822,2878
3356602,1021,2880
3356602,1185,2880
3356602,1762,2880
3356602,1967,2880
3356602,3133,2880
3356602,6830,2880
3356602,7256,2880
3356602,9805,2880
3356602,9982,2880
3356602,12351,2880
3356602,14789,2880
3356602,15515,2880
3356602,19945,2880
3356602,21025,2880
3356602,23354,2880
3356602,27832,2880
3356602,30436,2880
3356602,30530,2880
3356602,31164,2880
3356602,31442,2880
3356602,32495,2880
3356602,32598,2880
3356602,34969,2880
3356602,35247,2880
3356602,37721,2880
3356602,41426,2880
3356602,43196,2880
3356602,49111,2880
3356602,52855,2880
3356602,54858,2880
3356602,57436,2880
3356602,59079,2880
3356602,59832,2880
3356602,63504,2880
3356602,64854,2880
3356602,66104,2880
3356602,66124,2880
3356602,67051,2880
3356602,68513,2880
3356602,71178,2880
3356602,74199,2880
3356602,77560,2880
3356602,78084,2880
3356602,79186,2880
3356602,83512,2881
3356602,83607,2881
3356602,88884,2881
3356602,89277,2881
3356602,91317,2881
3356602,91391,2881
3356602,91949,2881
3356602,95584,2881
3356602,96301,2881
3356602,96791,2881
3356602,97088,2881
3356602,99723,2881
3356602,100101,2881
3356602,101189,2881
3356602,102760,2881
3356602,109053,2881
3356602,109201,2881
3356602,110230,2881
3356602,110555,2881
3356602,111136,2881
3356602,119950,2881
3356602,120847,2881
3356602,120907,2881
3356602,121089,2881
3356602,121597,2881
3356602,125171,2881
3356602,125584,2881
3356602,128976,2881
3356602,130093,2881
3356602,131384,2881
3356602,134347,2881
3356602,134433,2881
3356602,134541,2881
3356602,136129,2881
3356602,138533,2881
3356602,138692,2881
3356602,140589,2881
3356602,140898,2881
3356602,141365,2881
3356602,143244,2881
3356602,143995,2881
3356602,144639,2881
3356602,145461,2881
3356602,146388,2881
3356752,1376,2882
3356752,1893,2882
3356752,9294,2882
3356752,10275,2882
3356752,10518,2882
3356752,12723,2882
3356752,16490,2883
3356752,21870,2883
3356752,24775,2883
3356752,27881,2883
3356752,33301,2883
3356752,35301,2883
3356752,40688,2883
3356752,45501,2883
3356752,46428,2883
3356752,47172,2883
3356752,53040,2883
3356752,59563,2883
3356752,66292,2883
3356752,66328,2883
3356752,67840,2883
3356752,69128,2883
3356752,69979,2883
3356752,71534,2883
3356752,71981,2883
3356752,72277,2883
3356752,81308,2883
3356752,83562,2883
3356752,83581,2883
3356752,89766,2883
3356752,90652,2883
3356752,95444,2883
3356752,108437,2883
3356752,110105,2883
3356752,119630,2883
3356752,130908,2883
3356752,135321,2883
3356752,143469,2883
3356752,148771,2883
3356752,149175,2883
3356795,360,2883
3356795,7830,2883
3356795,10168,2883
3356795,11917,2883
3356795,14599,2883
3356795,17505,2883
3356795,19163,2883
3356795,21770,2883
3356795,24703,2883
3356795,25669,2883
3356795,27022,2883
3356795,27824,2883
3356795,28042,2883
3356795,32122,2883
3356795,32492,2883
3356795,33169,2883
3356795,41382,2883
3356795,42859,2883
3356795,47367,2883
3356795,49930,2883
3356795,50657,2883
3356795,56902,2883
3356795,61904,2883
3356795,64428,2883
3356795,67695,2883
3356795,69414,2883
3356795,69645,2883
3356795,69976,2883
3356795,73631,2883
3356795,74053,2883
3356795,83770,2883
3356795,85790,2883
3356795,86347,2884
3356795,86406,2884
3356795,90757,2884
3356795,91662,2884
3356795,94720,2884
3356795,97651,2884
3356795,98149,2884
3356795,99629,2884
3356795,100293,2884
3356795,105106,2884
3356795,105741,2884
3356795,107440,2884
3356795,113955,2884
3356795,114339,2884
3356795,118175,2884
3356795,120372,2884
3356795,121553,2884
3356795,127331,2884
3356795,127970,2884
3356795,131721,2884
3356795,133485,2884
3356795,134996,2884
3356795,142550,2884
3356795,143305,2884
3356795,148441,2884
3356801,215,2878
3356801,742,2878
3356801,2642,2878
3356801,3614,2878
3356801,6120,2878
3356801,19233,2878
3356801,33135,2878
3356801,40337,2878
3356801,44704,2878
3356801,49383,2878
3356801,52559,2878
3356801,53182,2878
3356801,56175,2878
3356801,74728,2878
3356801,87145,2878
3356801,89067,2878
3356801,92521,2878
3356801,107603,2878
3356801,109303,2878
3356801,109886,2878
3356801,112537,2878
3356801,115025,2878
3356801,119848,2878
3356801,128113,2878
3356801,129213,2878
3356801,131054,2878
3356801,132485,2878
3356801,142919,2878
3356801,145109,2878
3356801,148607,2878
3356818,5916,2885
3356818,13205,2885
3356818,15115,2885
3356818,19301,2885
3356818,31222,2885
3356818,33989,2885
3356818,34064,2885
3356818,36521,2885
3356818,49556,2885
3356818,53665,2885
3356818,54092,2886
3356818,65944,2886
3356818,75601,2886
3356818,77130,2886
3356818,79314,2886
3356818,81099,2886
3356818,94982,2886
3356818,96592,2886
3356818,102222,2886
3356818,107484,2886
3356818,109836,2886
3356818,112944,2886
3356818,118508,2886
3356818,118552,2886
3356818,125985,2886
3356818,130151,2886
3356818,132478,2886
3356818,143782,2886
3356818,145401,2886
3356818,146096,2886
3356818,147228,2886
3356900,358,2878
3356900,1155,2878
3356900,5072,2878
3356900,7767,2878
3356900,7950,2878
3356900,8245,2878
3356900,8918,2878
3356900,10452,2878
3356900,11929,2878
3356900,12186,2878
3356900,12838,2878
3356900,13337,2878
3356900,15561,2878
3356900,17498,2878
3356900,18223,2878
3356900,27174,2878
3356900,28896,2878
3356900,29042,2878
3356900,37362,2878
3356900,37950,2878
3356900,38742,2878
3356900,44722,2879
3356900,51098,2879
3356900,55866,2879
3356900,57963,2879
3356900,65110,2879
3356900,66151,2879
3356900,69380,2879
3356900,72573,2879
3356900,78459,2879
3356900,108704,2879
3356900,110012,2879
3356900,118827,2879
3356900,119199,2879
3356900,128010,2879
3356900,130629,2879
3356900,132204,2879
3356900,132582,2879
3356900,138840,2879
3356900,139805,2879
3356900,140262,2879
3356900,141413,2879
3356900,142215,2879
3356900,145643,2879
3356900,145685,2879
3356900,148226,2879
3356900,148805,2879
3356911,3217,2879
3356911,4055,2879
3356911,9539,2879
3356911,12838,2879
3356911,13167,2879
3356911,15219,2879
3356911,16051,2879
3356911,21181,2879
3356911,21935,2879
3356911,22332,2879
3356911,25288,2879
3356911,27747,2879
3356911,28372,2879
3356911,29032,2879
3356911,31497,2879
3356911,38006,2879
3356911,38317,2879
3356911,38742,2879
3356911,41595,2879
3356911,41864,2879
3356911,42035,2879
3356911,43871,2879
3356911,45187,2879
3356911,45721,2879
3356911,47162,2879
3356911,48198,2879
3356911,49169,2879
3356911,57684,2879
3356911,68723,2879
3356911,69240,2879
3356911,70901,2879
3356911,72573,2879
3356911,76711,2879
3356911,82737,2879
3356911,84137,2879
3356911,85907,2879
3356911,86045,2879
3356911,89642,2879
3356911,92570,2879
3356911,95062,2879
3356911,95271,2880
3356911,100377,2880
3356911,101079,2880
3356911,101490,2880
3356911,104757,2880
3356911,110565,2880
3356911,116408,2880
3356911,118862,2880
3356911,118877,2880
3356911,119977,2880
3356911,124859,2880
3356911,125709,2880
3356911,127291,2880
3356911,129163,2880
3356911,129634,2880
3356911,137326,2880
3356911,137599,2880
3356911,137855,2880
leaf528.txt
