leaf
3034518,118623,1856
3034518,118982,1856
3034518,120220,1856
3034518,120313,1856
3034518,121200,1856
3034518,121525,1856
3034518,124661,1856
3034518,129887,1856
3034518,132307,1856
3034518,133296,1856
3034518,138149,1856
3034518,140261,1856
3034518,141310,1856
3034518,142982,1856
3034518,144887,1856
3034518,145216,1856
3034518,146735,1856
3034518,146737,1856
3034518,146841,1856
3034518,149296,1856
3034741,54,1853
3034741,5389,1853
3034741,5637,1853
3034741,6376,1853
3034741,7651,1853
3034741,8017,1853
3034741,8319,1853
3034741,8647,1853
3034741,14171,1853
3034741,16908,1853
3034741,21154,1853
3034741,23790,1853
3034741,25438,1853
3034741,26423,1853
3034741,27362,1853
3034741,28404,1853
3034741,32113,1854
3034741,35441,1854
3034741,39905,1854
3034741,40902,1854
3034741,41030,1854
3034741,42514,1854
3034741,48549,1854
3034741,52383,1854
3034741,52621,1854
3034741,57552,1854
3034741,58061,1854
3034741,69813,1854
3034741,70825,1854
3034741,73228,1854
3034741,73399,1854
3034741,73769,1854
3034741,76070,1854
3034741,81390,1854
3034741,81538,1854
3034741,82065,1854
3034741,83420,1854
3034741,85082,1854
3034741,91454,1854
3034741,93507,1854
3034741,94975,1854
3034741,95171,1854
3034741,96809,1854
3034741,100943,1854
3034741,103062,1854
3034741,103355,1854
3034741,103428,1854
3034741,103596,1854
3034741,104328,1854
3034741,106531,1854
3034741,108492,1854
3034741,110114,1854
3034741,118566,1854
3034741,118913,1854
3034741,123193,1854
3034741,123435,1854
3034741,123555,1854
3034741,123933,1854
3034741,125135,1854
3034741,126449,1854
3034741,135340,1854
3034741,138599,1854
3034741,142735,1854
3034741,143749,1854
3034741,143992,1854
3036273,4364,1860
3036273,4695,1860
3036273,6043,1860
3036273,6241,1860
3036273,11579,1860
3036273,15380,1860
3036273,16046,1860
3036273,19768,1860
3036273,23324,1860
3036273,24607,1860
3036273,25797,1860
3036273,26250,1860
3036273,26408,1860
3036273,30406,1860
3036273,31060,1860
3036273,35515,1860
3036273,35547,1860
3036273,40062,1860
3036273,40959,1860
3036273,47323,1860
3036273,48026,1860
3036273,51263,1860
3036273,53471,1860
3036273,54544,1860
3036273,55058,1860
3036273,55514,1860
3036273,58402,1860
3036273,60952,1860
3036273,64483,1860
3036273,64883,1860
3036273,66400,1860
3036273,68256,1860
3036273,69783,1860
3036273,72981,1860
3036273,75844,1860
3036273,76116,1860
3036273,81264,1860
3036273,82085,1860
3036273,82421,1860
3036273,83553,1860
3036273,86418,1861
3036273,89290,1861
3036273,92719,1861
3036273,98134,1861
3036273,99424,1861
3036273,99568,1861
3036273,100428,1861
3036273,104452,1861
3036273,106398,1861
3036273,108431,1861
3036273,108729,1861
3036273,109599,1861
3036273,110106,1861
3036273,110694,1861
3036273,111102,1861
3036273,113126,1861
3036273,113871,1861
3036273,115744,1861
3036273,123411,1861
3036273,123886,1861
3036273,124225,1861
3036273,125867,1861
3036273,128494,1861
3036273,130246,1861
3036273,132330,1861
3036273,133792,1861
3036273,137981,1861
3036273,139097,1861
3036273,140602,1861
3036273,144116,1861
3036273,144249,1861
3036343,3112,1858
3036343,3793,1858
3036343,5243,1858
3036343,7096,1858
3036343,13120,1858
3036343,14073,1858
3036343,15370,1858
3036343,17756,1858
3036343,22348,1858
3036343,22406,1858
3036343,25092,1858
3036343,25601,1858
3036343,28466,1858
3036343,30972,1858
3036343,31180,1858
3036343,34006,1858
3036343,38661,1858
3036343,38685,1858
3036343,41060,1858
3036343,49770,1858
3036343,49954,1858
3036343,53293,1858
3036343,55068,1858
3036343,56675,1858
3036343,57386,1858
3036343,57533,1858
3036343,57628,1858
3036343,59982,1858
3036343,60687,1858
3036343,66970,1858
3036343,70751,1858
3036343,72318,1858
3036343,73573,1858
3036343,80407,1858
3036343,81863,1858
3036343,82243,1859
3036343,83219,1859
3036343,83638,1859
3036343,86943,1859
3036343,87076,1859
3036343,90944,1859
3036343,91710,1859
3036343,92865,1859
3036343,93432,1859
3036343,97306,1859
3036343,98002,1859
3036343,100135,1859
3036343,103608,1859
3036343,112165,1859
3036343,112839,1859
3036343,113103,1859
3036343,113164,1859
3036343,113281,1859
3036343,113492,1859
3036343,114739,1859
3036343,116955,1859
3036343,117480,1859
3036343,117950,1859
3036343,120038,1859
3036343,130908,1859
3036343,131549,1859
3036343,131568,1859
3036343,132537,1859
3036343,133979,1859
3036343,134313,1859
3036343,135818,1859
3036343,138983,1859
3036343,141156,1859
3036343,141533,1859
3036343,146653,1859
3036343,146669,1859
3036343,148884,1859
3036349,5243,1862
3036349,6565,1862
3036349,8726,1862
3036349,9365,1862
3036349,11603,1862
3036349,12951,1862
3036349,13808,1862
3036349,14166,1862
3036349,14868,1862
3036349,25093,1862
3036349,27561,1862
3036349,28466,1862
3036349,29449,1862
3036349,30129,1862
3036349,32632,1862
3036349,34960,1862
3036349,38602,1862
3036349,39839,1862
3036349,44228,1862
3036349,48564,1862
3036349,48713,1862
3036349,49152,1862
3036349,50657,1862
3036349,52982,1862
3036349,53687,1862
3036349,55030,1862
3036349,55653,1862
3036349,57386,1862
3036349,58238,1862
3036349,63940,1863
3036349,64122,1863
3036349,70751,1863
3036349,71236,1863
3036349,73573,1863
3036349,73578,1863
3036349,75155,1863
3036349,77264,1863
3036349,77376,1863
3036349,81336,1863
3036349,84566,1863
3036349,84621,1863
3036349,88087,1863
3036349,90758,1863
3036349,91710,1863
3036349,92443,1863
3036349,92865,1863
3036349,94800,1863
3036349,97850,1863
3036349,100829,1863
3036349,107250,1863
3036349,107275,1863
3036349,108012,1863
3036349,108304,1863
3036349,108571,1863
3036349,108694,1863
3036349,110804,1863
3036349,111919,1863
3036349,112561,1863
3036349,113164,1863
3036349,120038,1863
3036349,120983,1863
3036349,125995,1863
3036349,126244,1863
3036349,126269,1863
3036349,128565,1863
3036349,128963,1863
3036349,132537,1863
3036349,132654,1863
3036349,135816,1863
3036349,139825,1863
3036349,139931,1863
3036349,141533,1863
3036349,143209,1863
3036349,143240,1863
3036349,143254,1863
3036349,144544,1863
3036349,146382,1863
3036349,146653,1863
3036349,146669,1863
3036349,146836,1863
3036349,147592,1863
3036349,149008,1863
3036435,2094,1856
3036435,7920,1856
3036435,11567,1856
3036435,12612,1856
3036435,12830,1856
3036435,16637,1857
3036435,17982,1857
3036435,18643,1857
3036435,19701,1857
3036435,20531,1857
3036435,21146,1857
3036435,21734,1857
3036435,21766,1857
3036435,22026,1857
3036435,24478,1857
3036435,27803,1857
3036435,28638,1857
3036435,30020,1857
3036435,32330,1857
3036435,34556,1857
3036435,36440,1857
3036435,38489,1857
3036435,39267,1857
3036435,41064,1857
3036435,42085,1857
3036435,42377,1857
3036435,44979,1857
3036435,46913,1857
3036435,47024,1857
3036435,47898,1857
3036435,48056,1857
3036435,50374,1857
3036435,50809,1857
3036435,51053,1857
3036435,51783,1857
3036435,51854,1857
3036435,55427,1857
3036435,55579,1857
3036435,57609,1857
3036435,58769,1857
3036435,58872,1857
3036435,60209,1857
3036435,60434,1857
3036435,61903,1857
3036435,62547,1857
3036435,63164,1857
3036435,63826,1857
3036435,67633,1857
3036435,68150,1857
3036435,68841,1857
3036435,70109,1857
leaf341.txt
