leaf
2814797,141698,1229
2814797,141744,1229
2814797,144549,1229
2814797,145378,1229
2814797,147160,1229
2814936,11298,1229
2814936,12728,1229
2814936,14663,1229
2814936,15448,1229
2814936,16163,1229
2814936,21409,1229
2814936,21876,1229
2814936,28472,1229
2814936,31516,1229
2814936,34254,1229
2814936,39544,1229
2814936,41439,1229
2814936,46919,1229
2814936,53144,1229
2814936,61218,1229
2814936,63359,1229
2814936,70372,1229
2814936,72399,1229
2814936,77586,1229
2814936,80052,1229
2814936,84081,1229
2814936,86768,1229
2814936,88438,1229
2814936,91206,1229
2814936,92778,1229
2814936,94100,1229
2814936,94732,1229
2814936,98702,1229
2814936,99857,1229
2814936,101463,1229
2814936,104942,1229
2814936,107824,1229
2814936,110371,1229
2814936,111818,1229
2814936,114223,1229
2814936,115347,1229
2814936,116156,1229
2814936,118926,1229
2814936,119848,1229
2814936,124056,1229
2814936,133538,1229
2814936,140579,1229
2814936,143958,1230
2814936,148295,1230
2815003,481,1242
2815003,6303,1242
2815003,9714,1242
2815003,10642,1242
2815003,22506,1242
2815003,24148,1242
2815003,26038,1242
2815003,28440,1242
2815003,29004,1242
2815003,30976,1242
2815003,33847,1242
2815003,35761,1242
2815003,37590,1242
2815003,38520,1242
2815003,42940,1242
2815003,46566,1242
2815003,53648,1242
2815003,54085,1242
2815003,55734,1242
2815003,58636,1242
2815003,59495,1242
2815003,66213,1242
2815003,67134,1242
2815003,67766,1242
2815003,74978,1242
2815003,75232,1242
2815003,82306,1242
2815003,96258,1242
2815003,98223,1242
2815003,98671,1242
2815003,98696,1242
2815003,103610,1242
2815003,108347,1242
2815003,114690,1242
2815003,115421,1242
2815003,120855,1242
2815003,122604,1242
2815003,123135,1242
2815003,134882,1242
2815003,141607,1242
2815003,143328,1242
2815003,144195,1242
2815003,145579,1242
2815003,148095,1242
2815003,148732,1243
2815193,14289,1241
2815193,19533,1241
2815193,21270,1241
2815193,24649,1241
2815193,32447,1241
2815193,36341,1241
2815193,41435,1241
2815193,44134,1241
2815193,49872,1241
2815193,51626,1241
2815193,56653,1241
2815193,58420,1241
2815193,59516,1241
2815193,64555,1241
2815193,68958,1241
2815193,69915,1241
2815193,72396,1241
2815193,73126,1241
2815193,76316,1241
2815193,80250,1241
2815193,80970,1241
2815193,83586,1241
2815193,85688,1241
2815193,88438,1241
2815193,90313,1241
2815193,93286,1241
2815193,94804,1241
2815193,96524,1241
2815193,99624,1241
2815193,101893,1241
2815193,103264,1241
2815193,103304,1241
2815193,106976,1241
2815193,114012,1241
2815193,114375,1241
2815193,115678,1242
2815193,116049,1242
2815193,124269,1242
2815193,127788,1242
2815193,127926,1242
2815193,129102,1242
2815193,129836,1242
2815193,129846,1242
2815193,130517,1242
2815193,131463,1242
2815193,136035,1242
2815193,136079,1242
2815193,136093,1242
2815193,136482,1242
2815193,136502,1242
2815193,139134,1242
2815193,142662,1242
2815193,144310,1242
2815193,144589,1242
2815193,145460,1242
2815193,146787,1242
2815193,148229,1242
2815547,2813,1237
2815547,3047,1237
2815547,4628,1237
2815547,5260,1237
2815547,5895,1237
2815547,5980,1237
2815547,6636,1238
2815547,7000,1238
2815547,7742,1238
2815547,8826,1238
2815547,12861,1238
2815547,13978,1238
2815547,14408,1238
2815547,14476,1238
2815547,15255,1238
2815547,15284,1238
2815547,16725,1238
2815547,17060,1238
2815547,17313,1238
2815547,17565,1238
2815547,18857,1238
2815547,19177,1238
2815547,20105,1238
2815547,21034,1238
2815547,21379,1238
2815547,21554,1238
2815547,21749,1238
2815547,21845,1238
2815547,22086,1238
2815547,22715,1238
2815547,23319,1238
2815547,26258,1238
2815547,26305,1238
2815547,28018,1238
2815547,28058,1238
2815547,29979,1238
2815547,31279,1238
2815547,33806,1238
2815547,34688,1238
2815547,35705,1238
2815547,37045,1238
2815547,37885,1238
2815547,38247,1238
2815547,38730,1238
2815547,39706,1238
2815547,42109,1238
2815547,42434,1238
2815547,44421,1238
2815547,47475,1238
2815547,47514,1238
2815547,48403,1238
2815547,49704,1238
2815547,51002,1238
2815547,53644,1238
2815547,54169,1238
2815547,55179,1238
2815547,56602,1238
2815547,57642,1238
2815547,58626,1238
2815547,59047,1238
2815547,59820,1238
2815547,60549,1238
2815547,60716,1238
2815547,62958,1238
2815547,64136,1238
2815547,64796,1238
2815547,64856,1238
2815547,66336,1238
2815547,67600,1238
2815547,67914,1238
2815547,69408,1238
2815547,70475,1238
2815547,73398,1239
2815547,74450,1239
2815547,76028,1239
2815547,77050,1239
2815547,78893,1239
2815547,79013,1239
2815547,79214,1239
2815547,80103,1239
2815547,81346,1239
2815547,81625,1239
2815547,81817,1239
2815547,82946,1239
2815547,83036,1239
2815547,83348,1239
2815547,84725,1239
2815547,85871,1239
2815547,86644,1239
2815547,87553,1239
2815547,87976,1239
2815547,90411,1239
2815547,90822,1239
2815547,91209,1239
2815547,91242,1239
2815547,91336,1239
2815547,93359,1239
2815547,94450,1239
2815547,96208,1239
2815547,96785,1239
2815547,98600,1239
2815547,99466,1239
2815547,101051,1239
2815547,101818,1239
2815547,102117,1239
2815547,102467,1239
2815547,102786,1239
2815547,105855,1239
2815547,106323,1239
2815547,106361,1239
2815547,106903,1239
2815547,107910,1239
2815547,108735,1239
2815547,109789,1239
2815547,110459,1239
2815547,112242,1239
2815547,113103,1239
2815547,113682,1239
2815547,114752,1239
2815547,114797,1239
2815547,117034,1239
2815547,117452,1239
2815547,117573,1239
2815547,117896,1239
2815547,118422,1239
2815547,118714,1239
2815547,120305,1239
2815547,121902,1239
2815547,123620,1239
2815547,124296,1239
2815547,128191,1239
2815547,130926,1239
2815547,133704,1239
2815547,135469,1239
2815547,136382,1239
2815547,136661,1239
2815547,137863,1239
2815547,138335,1239
2815547,139055,1240
2815547,139099,1240
2815547,140919,1240
2815547,140993,1240
2815547,141290,1240
2815547,142477,1240
2815547,143341,1240
2815547,144055,1240
2815547,144354,1240
2815547,144624,1240
2815547,144663,1240
2815547,145007,1240
2815547,145327,1240
2815547,145437,1240
2815547,145467,1240
2815547,145616,1240
2815547,145743,1240
2815547,145845,1240
2815547,145990,1240
2815805,3155,1240
2815805,6029,1240
2815805,8792,1240
2815805,9472,1240
2815805,9492,1240
2815805,10390,1240
2815805,11216,1240
2815805,13752,1240
2815805,14554,1240
2815805,16043,1240
2815805,18103,1240
2815805,21302,1240
2815805,22876,1240
2815805,23176,1240
2815805,26904,1240
2815805,28969,1240
2815805,31226,1240
2815805,31599,1240
2815805,32145,1240
2815805,36344,1240
2815805,36428,1240
2815805,36585,1240
2815805,36628,1240
2815805,36924,1240
2815805,37127,1240
2815805,37159,1240
2815805,38575,1240
2815805,41577,1240
2815805,43092,1240
2815805,43592,1240
2815805,44564,1240
2815805,46149,1240
2815805,46806,1240
2815805,54189,1240
2815805,54486,1240
2815805,55792,1240
2815805,57146,1240
2815805,61668,1240
2815805,63221,1240
2815805,67625,1240
2815805,69505,1240
2815805,70579,1240
2815805,71365,1240
2815805,74392,1240
2815805,75745,1240
2815805,79236,1240
2815805,82307,1240
2815805,84636,1241
2815805,85598,1241
2815805,86429,1241
2815805,87111,1241
2815805,88893,1241
2815805,89498,1241
leaf228.txt
