leaf
3466114,4939,3529
3466114,5142,3529
3466114,6933,3529
3466114,7785,3529
3466114,10487,3529
3466114,11763,3529
3466114,12547,3529
3466114,13432,3529
3466114,13484,3529
3466114,14810,3529
3466114,15039,3529
3466114,15346,3529
3466114,15959,3529
3466114,16060,3529
3466114,17454,3529
3466114,18342,3529
3466114,18891,3529
3466114,19302,3529
3466114,19823,3529
3466114,20756,3529
3466114,20872,3529
3466114,22058,3529
3466114,22464,3529
3466114,22534,3529
3466114,23058,3529
3466114,23588,3529
3466114,25612,3529
3466114,25981,3529
3466114,26220,3529
3466114,27413,3529
3466114,29131,3529
3466114,29723,3529
3466114,29895,3529
3466114,30758,3529
3466114,31592,3529
3466114,32055,3529
3466114,32685,3529
3466114,34862,3529
3466114,35713,3529
3466114,36343,3529
3466114,37692,3529
3466114,40012,3529
3466114,40021,3529
3466114,40228,3529
3466114,41255,3529
3466114,41343,3529
3466114,41390,3529
3466114,41928,3530
3466114,42347,3530
3466114,44588,3530
3466114,44959,3530
3466114,45603,3530
3466114,46273,3530
3466114,47281,3530
3466114,48000,3530
3466114,48120,3530
3466114,50416,3530
3466114,50535,3530
3466114,50995,3530
3466114,52468,3530
3466114,52828,3530
3466114,53962,3530
3466114,53993,3530
3466114,54424,3530
3466114,54751,3530
3466114,55001,3530
3466114,55497,3530
3466114,55936,3530
3466114,55961,3530
3466114,57282,3530
3466114,57344,3530
3466114,57433,3530
3466114,57758,3530
3466114,58820,3530
3466114,58902,3530
3466114,64351,3530
3466114,65309,3530
3466114,65813,3530
3466114,67499,3530
3466114,67990,3530
3466114,68205,3530
3466114,68220,3530
3466114,69433,3530
3466114,69763,3530
3466114,70616,3530
3466114,71022,3530
3466114,72887,3530
3466114,73809,3530
3466114,77440,3530
3466114,78094,3530
3466114,78339,3530
3466114,78840,3530
3466114,79155,3530
3466114,79981,3530
3466114,80348,3530
3466114,84984,3530
3466114,84997,3530
3466114,88840,3530
3466114,90478,3530
3466114,90915,3530
3466114,92391,3530
3466114,93950,3530
3466114,94528,3530
3466114,95722,3530
3466114,99360,3530
3466114,101144,3530
3466114,101345,3530
3466114,101359,3530
3466114,104113,3530
3466114,105321,3530
3466114,105594,3530
3466114,105973,3530
3466114,108952,3530
3466114,110142,3531
3466114,115276,3531
3466114,115744,3531
3466114,117592,3531
3466114,118176,3531
3466114,119745,3531
3466114,120219,3531
3466114,121303,3531
3466114,125068,3531
3466114,126165,3531
3466114,126547,3531
3466114,127149,3531
3466114,128099,3531
3466114,129860,3531
3466114,130592,3531
3466114,131443,3531
3466114,132412,3531
3466114,133001,3531
3466114,134150,3531
3466114,136029,3531
3466114,136524,3531
3466114,137866,3531
3466114,140161,3531
3466114,141136,3531
3466114,141286,3531
3466114,141765,3531
3466114,142325,3531
3466114,143490,3531
3466114,146663,3531
3466114,148967,3531
3466188,2245,3531
3466188,2858,3531
3466188,10330,3531
3466188,22007,3531
3466188,26130,3531
3466188,35308,3531
3466188,39953,3532
3466188,47181,3532
3466188,49249,3532
3466188,50703,3532
3466188,55593,3532
3466188,79704,3532
3466188,84156,3532
3466188,104575,3532
3466188,109428,3532
3466188,121457,3532
3466188,124628,3532
3466188,129515,3532
3466188,132353,3532
3466188,135677,3532
3466199,2768,3532
3466199,10344,3532
3466199,24747,3532
3466199,26874,3532
3466199,32426,3532
3466199,36374,3532
3466199,37682,3532
3466199,40944,3532
3466199,44296,3532
3466199,51358,3532
3466199,52721,3532
3466199,52983,3532
3466199,55720,3532
3466199,57823,3532
3466199,60216,3532
3466199,62533,3532
3466199,64457,3532
3466199,66267,3532
3466199,70371,3532
3466199,71815,3532
3466199,73403,3532
3466199,81770,3532
3466199,82431,3532
3466199,86281,3532
3466199,96840,3532
3466199,103341,3532
3466199,113001,3532
3466199,115437,3532
3466199,116596,3532
3466199,116853,3532
3466199,123238,3532
3466199,123408,3532
3466199,129381,3532
3466199,129478,3532
3466199,133211,3532
3466199,133743,3532
3466199,138188,3532
3466199,138469,3532
3466199,138864,3532
3466199,140184,3532
3466199,142929,3532
3466199,146463,3532
3466199,147686,3532
3466202,634,3528
3466202,5562,3528
3466202,13384,3528
3466202,15156,3528
3466202,15932,3528
3466202,24531,3528
3466202,30204,3528
3466202,30757,3529
3466202,33949,3529
3466202,36282,3529
3466202,40870,3529
3466202,42481,3529
3466202,60204,3529
3466202,74418,3529
3466202,89563,3529
3466202,117763,3529
3466202,120005,3529
3466202,124760,3529
3466202,126070,3529
3466202,139455,3529
3466202,147633,3529
3466731,2991,3533
3466731,5636,3533
3466731,6333,3533
3466731,7368,3533
3466731,8680,3533
3466731,11229,3533
3466731,13556,3533
3466731,13608,3533
3466731,14014,3533
3466731,14384,3533
3466731,15845,3533
3466731,16548,3533
3466731,17496,3533
3466731,18196,3533
3466731,19164,3533
3466731,22199,3533
3466731,22596,3533
3466731,23949,3533
3466731,25946,3533
3466731,28467,3533
3466731,28517,3533
3466731,30335,3533
3466731,30474,3533
3466731,31150,3533
3466731,31586,3533
3466731,32175,3533
3466731,33215,3533
3466731,33930,3533
3466731,34355,3533
3466731,37751,3533
3466731,40059,3533
3466731,40129,3533
3466731,40874,3533
3466731,41301,3533
3466731,42178,3533
3466731,43598,3533
3466731,51231,3533
3466731,55146,3533
3466731,59225,3533
3466731,61086,3533
3466731,62384,3533
3466731,63253,3533
3466731,66009,3533
3466731,66648,3533
3466731,68686,3533
3466731,69022,3533
3466731,71049,3533
3466731,72306,3533
3466731,72405,3533
3466731,74207,3533
3466731,77211,3533
3466731,80596,3533
3466731,82146,3533
3466731,82586,3533
3466731,87833,3533
3466731,91431,3534
3466731,92565,3534
3466731,93265,3534
3466731,93427,3534
3466731,95807,3534
3466731,96671,3534
3466731,99853,3534
3466731,101076,3534
3466731,101610,3534
3466731,101619,3534
3466731,101786,3534
3466731,108693,3534
3466731,109266,3534
3466731,109819,3534
3466731,111308,3534
3466731,118609,3534
3466731,118975,3534
3466731,120434,3534
3466731,121025,3534
3466731,124921,3534
3466731,125118,3534
3466731,126008,3534
3466731,128218,3534
3466731,132018,3534
3466731,132244,3534
3466731,134500,3534
3466731,136026,3534
3466731,136876,3534
3466731,139140,3534
3466731,139616,3534
3466731,140846,3534
3466731,141272,3534
3466731,142013,3534
3466731,143928,3534
3466731,147228,3534
3466731,148028,3534
3466731,148172,3534
3466864,7869,3531
3466864,11221,3531
3466864,11839,3531
3466864,13618,3531
3466864,15555,3531
3466864,16749,3531
3466864,23525,3531
3466864,31314,3531
3466864,34090,3531
3466864,37313,3531
3466864,37427,3531
3466864,39872,3531
3466864,41401,3531
3466864,42298,3531
3466864,46994,3531
3466864,47452,3531
3466864,51744,3531
3466864,52251,3531
3466864,57360,3531
3466864,62483,3531
3466864,67423,3531
3466864,67610,3531
3466864,70472,3531
3466864,87534,3531
3466864,92846,3531
3466864,108151,3531
3466864,112925,3531
3466864,117878,3531
3466864,131199,3531
3466864,131815,3531
3466969,7574,3532
3466969,11832,3532
3466969,11850,3532
3466969,12440,3532
3466969,30534,3532
3466969,31278,3532
3466969,31573,3532
3466969,36173,3532
3466969,37507,3532
3466969,53035,3533
3466969,56400,3533
3466969,63688,3533
leaf647.txt
