leaf
3233798,115011,2428
3233798,116319,2428
3233798,118174,2428
3233798,119355,2428
3233798,120987,2428
3233798,122128,2428
3233798,122914,2428
3233798,125938,2428
3233798,126621,2428
3233798,129369,2428
3233798,129423,2428
3233798,130796,2428
3233798,132094,2428
3233798,135708,2428
3233798,136035,2428
3233798,136260,2428
3233798,138967,2428
3233798,140035,2428
3233798,141677,2428
3233798,141829,2428
3233798,143179,2428
3233798,143636,2428
3233798,146500,2428
3234105,3297,2435
3234105,15634,2435
3234105,16688,2435
3234105,18169,2435
3234105,20467,2435
3234105,25417,2435
3234105,30316,2435
3234105,33038,2435
3234105,58073,2435
3234105,59425,2435
3234105,76491,2435
3234105,83176,2435
3234105,87511,2435
3234105,92757,2435
3234105,105068,2435
3234105,106657,2435
3234105,114446,2435
3234105,139388,2435
3234105,149227,2435
3234204,808,2429
3234204,1123,2429
3234204,8338,2429
3234204,8540,2429
3234204,8862,2429
3234204,18307,2429
3234204,19795,2430
3234204,21387,2430
3234204,21658,2430
3234204,22153,2430
3234204,22280,2430
3234204,25616,2430
3234204,28676,2430
3234204,31054,2430
3234204,33582,2430
3234204,37086,2430
3234204,41251,2430
3234204,44225,2430
3234204,47481,2430
3234204,50960,2430
3234204,52330,2430
3234204,53718,2430
3234204,54623,2430
3234204,61041,2430
3234204,62144,2430
3234204,63556,2430
3234204,67756,2430
3234204,68286,2430
3234204,74728,2430
3234204,74801,2430
3234204,77470,2430
3234204,78688,2430
3234204,79838,2430
3234204,80547,2430
3234204,80844,2430
3234204,81293,2430
3234204,81454,2430
3234204,81768,2430
3234204,81770,2430
3234204,82628,2430
3234204,87970,2430
3234204,87976,2430
3234204,88520,2430
3234204,93660,2430
3234204,95839,2430
3234204,96497,2430
3234204,96536,2430
3234204,96871,2430
3234204,101294,2430
3234204,103927,2430
3234204,103976,2430
3234204,105287,2430
3234204,105596,2430
3234204,106281,2430
3234204,108028,2430
3234204,110654,2430
3234204,111033,2430
3234204,112265,2430
3234204,113441,2430
3234204,114684,2430
3234204,122650,2430
3234204,122731,2430
3234204,124913,2430
3234204,125431,2430
3234204,127762,2430
3234204,132357,2430
3234204,132884,2430
3234204,133165,2430
3234204,135731,2430
3234204,135920,2430
3234204,136266,2430
3234204,139698,2430
3234204,142211,2431
3234204,142469,2431
3234204,145488,2431
3234204,146017,2431
3234204,147178,2431
3234387,1560,2433
3234387,15332,2433
3234387,23243,2433
3234387,37705,2433
3234387,38351,2433
3234387,46977,2433
3234387,52995,2433
3234387,53787,2433
3234387,56415,2433
3234387,57692,2433
3234387,58646,2433
3234387,64496,2433
3234387,67175,2433
3234387,68966,2433
3234387,69662,2433
3234387,70133,2433
3234387,76994,2433
3234387,81163,2433
3234387,87272,2433
3234387,91811,2433
3234387,93035,2433
3234387,94473,2433
3234387,96101,2433
3234387,110214,2433
3234387,115225,2433
3234387,116039,2433
3234387,116329,2433
3234387,117009,2433
3234387,126076,2433
3234387,132456,2433
3234387,135337,2433
3234387,135846,2433
3234387,138860,2433
3234387,141719,2433
3234387,143483,2433
3234551,5024,2433
3234551,9416,2433
3234551,9590,2433
3234551,17146,2433
3234551,22021,2433
3234551,23401,2433
3234551,39150,2433
3234551,42464,2433
3234551,59726,2433
3234551,67795,2433
3234551,71301,2433
3234551,86705,2433
3234551,88547,2433
3234551,90440,2433
3234551,90477,2433
3234551,92409,2433
3234551,93743,2433
3234551,93799,2433
3234551,106145,2434
3234551,118576,2434
3234551,121517,2434
3234551,123280,2434
3234551,126642,2434
3234551,129174,2434
3234551,129196,2434
3234551,137407,2434
3234651,10109,2435
3234651,10508,2435
3234651,16077,2435
3234651,35842,2435
3234651,46841,2435
3234651,49362,2435
3234651,51560,2435
3234651,53949,2435
3234651,57904,2435
3234651,73573,2435
3234651,76814,2435
3234651,82967,2435
3234651,85258,2435
3234651,87406,2435
3234651,106654,2435
3234651,113691,2435
3234651,114390,2435
3234651,119144,2435
3234651,119594,2435
3234651,121007,2435
3234651,131070,2435
3234651,131260,2435
3234651,131546,2435
3234651,135798,2435
3234651,142073,2435
3234651,142606,2435
3234651,142635,2435
3234659,3207,2434
3234659,14137,2434
3234659,18212,2434
3234659,18441,2434
3234659,28665,2434
3234659,31904,2434
3234659,36344,2434
3234659,41203,2434
3234659,46566,2434
3234659,53613,2434
3234659,55933,2434
3234659,56512,2434
3234659,64970,2434
3234659,65068,2434
3234659,66842,2434
3234659,69571,2434
3234659,71574,2434
3234659,76814,2434
3234659,85551,2434
3234659,87591,2434
3234659,87668,2434
3234659,90403,2434
3234659,93343,2434
3234659,93561,2434
3234659,115189,2434
3234659,117621,2434
3234659,120030,2435
3234659,139807,2435
3234659,141252,2435
3234659,142191,2435
3234659,146363,2435
3234660,608,2431
3234660,2102,2431
3234660,4002,2431
3234660,4860,2431
3234660,5927,2431
3234660,7922,2431
3234660,9509,2431
3234660,9796,2431
3234660,10319,2431
3234660,10879,2431
3234660,11085,2431
3234660,11851,2431
3234660,12805,2431
3234660,20345,2431
3234660,22420,2431
3234660,23607,2431
3234660,25659,2431
3234660,29126,2431
3234660,29606,2431
3234660,30114,2431
3234660,31341,2431
3234660,32740,2431
3234660,33201,2431
3234660,36130,2431
3234660,36508,2431
3234660,41750,2431
3234660,42841,2431
3234660,44339,2431
3234660,48231,2431
3234660,49293,2431
3234660,49700,2431
3234660,51992,2431
3234660,53949,2431
3234660,55344,2431
3234660,55429,2431
3234660,56512,2431
3234660,58404,2431
3234660,61778,2431
3234660,61853,2431
3234660,62235,2431
3234660,65078,2431
3234660,66214,2431
3234660,66373,2431
3234660,67557,2431
3234660,67788,2431
3234660,70937,2431
3234660,74075,2431
3234660,74152,2431
3234660,74851,2431
3234660,76650,2431
3234660,76814,2431
3234660,77419,2431
3234660,79963,2431
3234660,81013,2431
3234660,82749,2431
3234660,84988,2431
3234660,86051,2431
3234660,87284,2431
3234660,91254,2431
3234660,91377,2431
3234660,92028,2431
3234660,96952,2432
3234660,97515,2432
3234660,97577,2432
3234660,99130,2432
3234660,99853,2432
3234660,100514,2432
3234660,103001,2432
3234660,105106,2432
3234660,105515,2432
3234660,107650,2432
3234660,107777,2432
3234660,108476,2432
3234660,108727,2432
3234660,108888,2432
3234660,109087,2432
3234660,115896,2432
3234660,117929,2432
3234660,118004,2432
3234660,119503,2432
3234660,121260,2432
3234660,121553,2432
3234660,124007,2432
3234660,125861,2432
3234660,126509,2432
3234660,130061,2432
3234660,130151,2432
3234660,130861,2432
3234660,131485,2432
3234660,134599,2432
3234660,135844,2432
3234660,137895,2432
3234660,144841,2432
3234660,148675,2432
3234660,148801,2432
3234660,149224,2432
3234664,10697,2434
3234664,12830,2434
3234664,13312,2434
3234664,16511,2434
3234664,24822,2434
3234664,24968,2434
3234664,26332,2434
3234664,38054,2434
3234664,40666,2434
3234664,51258,2434
3234664,55347,2434
3234664,64170,2434
3234664,74316,2434
3234664,76814,2434
3234664,82230,2434
3234664,89313,2434
3234664,90403,2434
3234664,95564,2434
3234664,96965,2434
3234664,99420,2434
3234664,101716,2434
3234664,104866,2434
3234664,105515,2434
3234664,107650,2434
3234664,109087,2434
3234664,115860,2434
3234664,117536,2434
leaf446.txt
