leaf
2908672,45928,1563
2908672,46152,1563
2908672,47583,1563
2908672,48323,1563
2908672,48750,1563
2908672,49006,1563
2908672,50395,1563
2908672,52980,1563
2908672,55349,1563
2908672,62993,1563
2908672,64440,1563
2908672,66490,1563
2908672,77863,1563
2908672,87077,1563
2908672,87391,1563
2908672,89555,1563
2908672,91039,1563
2908672,91455,1563
2908672,92976,1563
2908672,95500,1563
2908672,96986,1563
2908672,98985,1563
2908672,99034,1563
2908672,102596,1563
2908672,106908,1563
2908672,108220,1563
2908672,118535,1563
2908672,119245,1563
2908672,121427,1563
2908672,122971,1563
2908672,125734,1563
2908672,126663,1563
2908672,131816,1563
2908672,136419,1563
2908672,143367,1563
2908672,145765,1563
2908672,148400,1563
2908804,3914,1555
2908804,4247,1555
2908804,8630,1555
2908804,10628,1555
2908804,11374,1555
2908804,13749,1555
2908804,15903,1555
2908804,17305,1555
2908804,18671,1555
2908804,27056,1555
2908804,28771,1555
2908804,29542,1555
2908804,31785,1555
2908804,32221,1555
2908804,33356,1555
2908804,38802,1555
2908804,39201,1555
2908804,41282,1555
2908804,43752,1555
2908804,51133,1555
2908804,52313,1555
2908804,53715,1555
2908804,55927,1555
2908804,57070,1555
2908804,57520,1555
2908804,58808,1555
2908804,61666,1555
2908804,64986,1555
2908804,65819,1555
2908804,66615,1555
2908804,69798,1555
2908804,70096,1555
2908804,71801,1555
2908804,74393,1555
2908804,75350,1555
2908804,76192,1555
2908804,85083,1555
2908804,85222,1555
2908804,86627,1555
2908804,88438,1555
2908804,88904,1555
2908804,91119,1555
2908804,91210,1555
2908804,97905,1555
2908804,98427,1555
2908804,98874,1556
2908804,99142,1556
2908804,100990,1556
2908804,101565,1556
2908804,106311,1556
2908804,110630,1556
2908804,111267,1556
2908804,112636,1556
2908804,113418,1556
2908804,114131,1556
2908804,114494,1556
2908804,117359,1556
2908804,117949,1556
2908804,121034,1556
2908804,124994,1556
2908804,125086,1556
2908804,126616,1556
2908804,127174,1556
2908804,127688,1556
2908804,128426,1556
2908804,133112,1556
2908804,134557,1556
2908804,134613,1556
2908804,135865,1556
2908804,141367,1556
2908804,142017,1556
2908804,142476,1556
2908804,143308,1556
2908804,143320,1556
2908804,145140,1556
2908804,145414,1556
2908804,147047,1556
2908875,1368,1559
2908875,2189,1559
2908875,2635,1559
2908875,4366,1559
2908875,4640,1559
2908875,5068,1559
2908875,6362,1559
2908875,6438,1559
2908875,7335,1559
2908875,11441,1559
2908875,12044,1559
2908875,14416,1559
2908875,16018,1559
2908875,16989,1559
2908875,18131,1559
2908875,18246,1559
2908875,20846,1559
2908875,22129,1559
2908875,22662,1559
2908875,23738,1559
2908875,24089,1559
2908875,24926,1559
2908875,26277,1559
2908875,28515,1559
2908875,31484,1559
2908875,33022,1559
2908875,33361,1559
2908875,33732,1559
2908875,34083,1559
2908875,34913,1559
2908875,36234,1559
2908875,36535,1559
2908875,37913,1559
2908875,39507,1559
2908875,40473,1559
2908875,42160,1559
2908875,42468,1559
2908875,42957,1559
2908875,43034,1559
2908875,45011,1559
2908875,45126,1559
2908875,45348,1559
2908875,46441,1559
2908875,48746,1559
2908875,49426,1559
2908875,49555,1559
2908875,49628,1559
2908875,50341,1559
2908875,51719,1559
2908875,51902,1559
2908875,52064,1559
2908875,54243,1560
2908875,54502,1560
2908875,54937,1560
2908875,55231,1560
2908875,56501,1560
2908875,57097,1560
2908875,58274,1560
2908875,58767,1560
2908875,59325,1560
2908875,60181,1560
2908875,61094,1560
2908875,61592,1560
2908875,61664,1560
2908875,62543,1560
2908875,66629,1560
2908875,67092,1560
2908875,67192,1560
2908875,68352,1560
2908875,70266,1560
2908875,71176,1560
2908875,71396,1560
2908875,72032,1560
2908875,72253,1560
2908875,72527,1560
2908875,73210,1560
2908875,76077,1560
2908875,77483,1560
2908875,78033,1560
2908875,79987,1560
2908875,81045,1560
2908875,81856,1560
2908875,82506,1560
2908875,82714,1560
2908875,82949,1560
2908875,83798,1560
2908875,86104,1560
2908875,86672,1560
2908875,86758,1560
2908875,88790,1560
2908875,91218,1560
2908875,91902,1560
2908875,92887,1560
2908875,92950,1560
2908875,92972,1560
2908875,93481,1560
2908875,95650,1560
2908875,95992,1560
2908875,97275,1560
2908875,99413,1560
2908875,99510,1560
2908875,100232,1560
2908875,101413,1560
2908875,101514,1560
2908875,104125,1560
2908875,106385,1560
2908875,108846,1560
2908875,109041,1560
2908875,109178,1560
2908875,111935,1560
2908875,113895,1560
2908875,113990,1560
2908875,114007,1560
2908875,114877,1560
2908875,115183,1560
2908875,116212,1560
2908875,117181,1560
2908875,118464,1561
2908875,119205,1561
2908875,120652,1561
2908875,122677,1561
2908875,122939,1561
2908875,123713,1561
2908875,123916,1561
2908875,125503,1561
2908875,128350,1561
2908875,130073,1561
2908875,130350,1561
2908875,131946,1561
2908875,132119,1561
2908875,132410,1561
2908875,132761,1561
2908875,133261,1561
2908875,134165,1561
2908875,136592,1561
2908875,137390,1561
2908875,137441,1561
2908875,138898,1561
2908875,140072,1561
2908875,141038,1561
2908875,141299,1561
2908875,141810,1561
2908875,142071,1561
2908875,143262,1561
2908875,143422,1561
2908875,143558,1561
2908875,143704,1561
2908875,145935,1561
2908875,148380,1561
2909024,5214,1565
2909024,8990,1565
2909024,9994,1565
2909024,11826,1565
2909024,12387,1565
2909024,20764,1565
2909024,23412,1565
2909024,25474,1565
2909024,26509,1565
2909024,27907,1565
2909024,32841,1565
2909024,38905,1565
2909024,50024,1565
2909024,54147,1565
2909024,59545,1565
2909024,60678,1565
2909024,61585,1565
2909024,68209,1565
2909024,80026,1565
2909024,80323,1565
2909024,81132,1565
2909024,86620,1565
2909024,87529,1565
2909024,90607,1566
2909024,92291,1566
2909024,95303,1566
2909024,98551,1566
2909024,111795,1566
2909024,117605,1566
2909024,119832,1566
2909024,123046,1566
2909024,125067,1566
2909024,127208,1566
2909024,133368,1566
2909024,133725,1566
2909024,134037,1566
2909024,136407,1566
2909024,139451,1566
2909024,143788,1566
2909024,145588,1566
2909024,145822,1566
2909024,146538,1566
2909024,149374,1566
2909195,3305,1571
2909195,3349,1571
2909195,5955,1571
2909195,6133,1571
2909195,6576,1571
2909195,7142,1571
2909195,8300,1571
2909195,11876,1571
2909195,11932,1571
2909195,12174,1571
2909195,12909,1571
2909195,13109,1571
2909195,13575,1571
2909195,14462,1571
2909195,14776,1571
2909195,15478,1571
2909195,17253,1571
2909195,17580,1571
2909195,17757,1571
2909195,17846,1572
2909195,20099,1572
2909195,20236,1572
2909195,21690,1572
2909195,23558,1572
2909195,25689,1572
2909195,26933,1572
2909195,27641,1572
2909195,30019,1572
2909195,30360,1572
2909195,30585,1572
2909195,30833,1572
2909195,31015,1572
2909195,33295,1572
2909195,34761,1572
2909195,35477,1572
2909195,35560,1572
2909195,35637,1572
2909195,35716,1572
2909195,35822,1572
2909195,37727,1572
2909195,37844,1572
2909195,40996,1572
2909195,41535,1572
2909195,44284,1572
2909195,45771,1572
2909195,50537,1572
2909195,51447,1572
2909195,51581,1572
2909195,52873,1572
2909195,52891,1572
2909195,56530,1572
2909195,56742,1572
2909195,57239,1572
2909195,58300,1572
2909195,58531,1572
leaf287.txt
