leaf
2516205,134914,307
2516205,137972,307
2516205,140092,307
2516205,140890,307
2516205,145212,307
2516205,145545,307
2516205,145817,307
2516205,146592,307
2516205,148017,307
2517737,3160,307
2517737,5741,307
2517737,12763,307
2517737,22789,307
2517737,29194,307
2517737,62533,307
2517737,68074,307
2517737,94966,307
2517737,99342,307
2517737,106620,307
2517737,116715,307
2517737,118118,307
2517737,130755,307
2517737,134906,307
2517737,135495,307
2517737,146836,307
2517737,147047,307
2518003,1962,307
2518003,4058,307
2518003,4419,307
2518003,8055,307
2518003,10542,307
2518003,15497,307
2518003,16289,307
2518003,17273,307
2518003,18571,307
2518003,18937,307
2518003,23799,307
2518003,27810,307
2518003,28435,307
2518003,28736,307
2518003,34086,307
2518003,34137,307
2518003,35078,307
2518003,35345,307
2518003,35489,307
2518003,44994,308
2518003,45546,308
2518003,46469,308
2518003,49652,308
2518003,49771,308
2518003,53367,308
2518003,53761,308
2518003,53801,308
2518003,57399,308
2518003,59252,308
2518003,61699,308
2518003,62453,308
2518003,63126,308
2518003,64412,308
2518003,65398,308
2518003,65542,308
2518003,67002,308
2518003,70018,308
2518003,70939,308
2518003,71415,308
2518003,74479,308
2518003,74498,308
2518003,75863,308
2518003,79460,308
2518003,81697,308
2518003,81739,308
2518003,82990,308
2518003,86198,308
2518003,92071,308
2518003,93417,308
2518003,94915,308
2518003,95005,308
2518003,96054,308
2518003,100076,308
2518003,100391,308
2518003,105945,308
2518003,106666,308
2518003,110747,308
2518003,112550,308
2518003,112721,308
2518003,116214,308
2518003,118842,308
2518003,121319,308
2518003,123075,308
2518003,123658,308
2518003,125420,308
2518003,126239,308
2518003,130358,308
2518003,133878,308
2518003,133914,308
2518003,134493,308
2518003,136641,308
2518003,138497,308
2518003,144577,308
2518003,144585,308
2518003,144911,308
2518003,145919,308
2518003,147635,308
2518417,11324,308
2518417,12643,308
2518417,17609,308
2518417,20232,308
2518417,25999,308
2518417,33658,308
2518417,35177,308
2518417,35674,308
2518417,40820,309
2518417,46603,309
2518417,47649,309
2518417,50346,309
2518417,53677,309
2518417,57742,309
2518417,58942,309
2518417,61508,309
2518417,61958,309
2518417,68360,309
2518417,71076,309
2518417,76294,309
2518417,76456,309
2518417,82512,309
2518417,90624,309
2518417,94260,309
2518417,98781,309
2518417,99244,309
2518417,99499,309
2518417,100784,309
2518417,101950,309
2518417,106302,309
2518417,107722,309
2518417,117572,309
2518417,122328,309
2518417,128939,309
2518417,138174,309
2518417,146032,309
2518417,146930,309
2519071,6340,311
2519071,6589,311
2519071,10373,311
2519071,21072,311
2519071,35750,311
2519071,37832,311
2519071,50040,311
2519071,54629,311
2519071,56838,311
2519071,62700,311
2519071,62801,311
2519071,63655,311
2519071,83478,311
2519071,83608,311
2519071,85830,311
2519071,88415,311
2519071,92772,311
2519071,95790,311
2519071,97135,311
2519071,100644,311
2519071,100660,312
2519071,104217,312
2519071,104645,312
2519071,106159,312
2519071,107621,312
2519071,109385,312
2519071,119140,312
2519071,130710,312
2519071,140937,312
2519071,141045,312
2519071,143789,312
2519071,146937,312
2519530,4055,309
2519530,6882,309
2519530,9603,309
2519530,11376,309
2519530,12427,309
2519530,16209,309
2519530,18947,309
2519530,21665,309
2519530,26439,309
2519530,29987,309
2519530,33737,309
2519530,34209,309
2519530,34586,309
2519530,35532,309
2519530,35876,309
2519530,45790,309
2519530,45866,310
2519530,49015,310
2519530,53643,310
2519530,54767,310
2519530,61095,310
2519530,61579,310
2519530,62972,310
2519530,70897,310
2519530,71284,310
2519530,73681,310
2519530,75254,310
2519530,78026,310
2519530,87409,310
2519530,88595,310
2519530,96251,310
2519530,104547,310
2519530,109579,310
2519530,119337,310
2519530,122259,310
2519530,126119,310
2519530,128382,310
2519530,130032,310
2519530,132323,310
2519530,133360,310
2519530,134085,310
2519530,135429,310
2519530,138455,310
2519530,140743,310
2519895,1462,310
2519895,1691,310
2519895,3773,310
2519895,4780,310
2519895,5463,310
2519895,8556,310
2519895,9512,310
2519895,10033,310
2519895,11013,310
2519895,11112,310
2519895,11403,310
2519895,11820,310
2519895,14952,310
2519895,17150,310
2519895,17631,310
2519895,18655,310
2519895,21460,310
2519895,27950,310
2519895,30048,310
2519895,31342,310
2519895,33603,310
2519895,34515,310
2519895,36885,310
2519895,37152,310
2519895,38060,310
2519895,39885,310
2519895,40385,310
2519895,41244,310
2519895,42158,310
2519895,42628,310
2519895,43219,310
2519895,45632,310
2519895,47408,310
2519895,48708,310
2519895,48713,310
2519895,55556,310
2519895,55838,310
2519895,55960,310
2519895,58240,311
2519895,58826,311
2519895,59052,311
2519895,60498,311
2519895,64873,311
2519895,65833,311
2519895,70208,311
2519895,71743,311
2519895,73935,311
2519895,80232,311
2519895,81428,311
2519895,85257,311
2519895,85847,311
2519895,87683,311
2519895,88438,311
2519895,90400,311
2519895,91604,311
2519895,96803,311
2519895,102052,311
2519895,104485,311
2519895,104868,311
2519895,107345,311
2519895,110832,311
2519895,111775,311
2519895,112722,311
2519895,113436,311
2519895,113453,311
2519895,114709,311
2519895,118838,311
2519895,119184,311
2519895,126307,311
2519895,126995,311
2519895,128105,311
2519895,128204,311
2519895,129767,311
2519895,131818,311
2519895,134952,311
2519895,135258,311
2519895,138839,311
2519895,138850,311
2519895,139153,311
2519895,140123,311
2519895,141817,311
2519895,142505,311
2519895,145705,311
2519895,147805,311
2519911,1798,309
2519911,11082,309
2519911,12759,309
2519911,22354,309
2519911,38962,309
2519911,39051,309
2519911,57894,309
2519911,58016,309
2519911,59252,309
2519911,74760,309
2519911,74767,309
2519911,95085,309
2519911,95274,309
2519911,102135,309
2519911,114072,309
2519911,117338,309
2519911,126526,309
2519911,131302,309
2519911,131346,309
2519911,141137,309
2519911,148676,309
2520646,1061,316
2520646,3502,316
2520646,4883,316
2520646,5672,316
2520646,9457,316
2520646,10482,316
2520646,10606,316
2520646,11844,316
2520646,13475,316
2520646,14206,316
2520646,15356,316
2520646,16056,316
2520646,16950,316
2520646,18178,316
2520646,19392,316
2520646,19864,316
2520646,20643,316
2520646,22032,316
2520646,23723,316
2520646,24455,316
2520646,26528,316
2520646,26631,316
2520646,27118,316
2520646,27468,316
2520646,28010,316
2520646,31520,316
2520646,31521,316
2520646,31610,316
2520646,32914,316
2520646,34304,316
2520646,34521,316
2520646,34908,316
2520646,34957,316
2520646,36575,316
2520646,36674,316
2520646,39505,316
2520646,39693,316
2520646,43227,316
2520646,44357,316
2520646,44609,316
leaf58.txt
