leaf
3376825,115039,2960
3376825,116550,2960
3376825,116643,2960
3376825,117986,2960
3376825,118822,2960
3376825,119798,2960
3376825,120799,2960
3376825,121104,2960
3376825,122302,2960
3376825,123473,2960
3376825,123877,2960
3376825,126803,2960
3376825,127009,2960
3376825,128689,2960
3376825,130001,2960
3376825,131820,2960
3376825,134787,2960
3376825,136167,2960
3376825,137900,2960
3376825,139080,2960
3376825,139274,2960
3376825,149174,2960
3377060,4602,2966
3377060,9799,2966
3377060,11362,2966
3377060,14120,2966
3377060,15274,2966
3377060,16069,2966
3377060,27395,2966
3377060,27679,2967
3377060,29036,2967
3377060,33669,2967
3377060,38660,2967
3377060,45191,2967
3377060,47942,2967
3377060,48632,2967
3377060,48929,2967
3377060,50569,2967
3377060,52995,2967
3377060,54486,2967
3377060,59135,2967
3377060,62310,2967
3377060,64618,2967
3377060,66744,2967
3377060,67250,2967
3377060,75125,2967
3377060,76616,2967
3377060,77080,2967
3377060,79209,2967
3377060,84736,2967
3377060,86314,2967
3377060,90638,2967
3377060,95274,2967
3377060,100395,2967
3377060,105785,2967
3377060,105813,2967
3377060,111370,2967
3377060,111726,2967
3377060,116708,2967
3377060,120136,2967
3377060,121513,2967
3377060,122277,2967
3377060,127926,2967
3377060,131538,2967
3377060,131832,2967
3377060,134122,2967
3377060,135371,2967
3377060,139526,2967
3377060,144141,2967
3377060,144975,2967
3377060,147308,2967
3377064,6807,2966
3377064,7892,2966
3377064,9877,2966
3377064,12553,2966
3377064,12780,2966
3377064,18549,2966
3377064,20149,2966
3377064,29306,2966
3377064,30194,2966
3377064,37426,2966
3377064,39805,2966
3377064,41584,2966
3377064,41700,2966
3377064,44341,2966
3377064,45300,2966
3377064,47408,2966
3377064,51149,2966
3377064,54096,2966
3377064,55642,2966
3377064,60530,2966
3377064,61906,2966
3377064,62122,2966
3377064,62586,2966
3377064,67461,2966
3377064,72034,2966
3377064,73033,2966
3377064,79453,2966
3377064,79933,2966
3377064,81690,2966
3377064,83521,2966
3377064,83856,2966
3377064,86928,2966
3377064,88146,2966
3377064,88643,2966
3377064,95722,2966
3377064,96207,2966
3377064,96895,2966
3377064,98251,2966
3377064,107923,2966
3377064,112548,2966
3377064,115339,2966
3377064,115801,2966
3377064,116359,2966
3377064,119848,2966
3377064,120151,2966
3377064,122062,2966
3377064,122839,2966
3377064,124547,2966
3377064,124619,2966
3377064,126046,2966
3377064,130001,2966
3377064,136789,2966
3377064,140526,2966
3377064,141165,2966
3377064,141986,2966
3377064,142518,2966
3377171,2116,2965
3377171,4133,2965
3377171,4375,2965
3377171,7669,2965
3377171,9390,2965
3377171,9774,2965
3377171,12018,2965
3377171,14300,2965
3377171,17330,2965
3377171,26298,2965
3377171,26452,2965
3377171,26741,2965
3377171,27880,2965
3377171,40577,2965
3377171,44003,2965
3377171,45004,2965
3377171,46976,2965
3377171,49624,2965
3377171,49934,2965
3377171,50691,2965
3377171,54641,2965
3377171,55278,2965
3377171,57805,2965
3377171,60583,2965
3377171,64070,2965
3377171,64625,2965
3377171,68471,2965
3377171,69014,2965
3377171,72147,2965
3377171,75662,2965
3377171,77211,2965
3377171,93177,2965
3377171,96658,2965
3377171,106932,2965
3377171,109212,2965
3377171,114007,2965
3377171,114692,2965
3377171,126905,2965
3377171,140781,2965
3377171,144758,2966
3377171,146708,2966
3377171,147500,2966
3377579,5563,2960
3377579,11913,2960
3377579,13249,2960
3377579,35335,2960
3377579,41816,2960
3377579,47126,2960
3377579,49013,2960
3377579,51345,2960
3377579,53042,2960
3377579,59972,2960
3377579,67558,2960
3377579,83291,2960
3377579,103788,2960
3377579,115315,2960
3377579,116102,2960
3377579,122453,2960
3377579,134800,2960
3377579,137598,2960
3377579,139976,2960
3377580,1893,2963
3377580,4828,2963
3377580,5347,2963
3377580,8344,2963
3377580,10704,2963
3377580,11136,2963
3377580,11674,2963
3377580,12123,2963
3377580,12997,2963
3377580,13619,2963
3377580,15338,2963
3377580,16556,2963
3377580,16593,2963
3377580,17757,2963
3377580,17849,2963
3377580,19319,2963
3377580,19355,2963
3377580,19606,2963
3377580,21697,2963
3377580,23174,2963
3377580,27072,2963
3377580,27641,2963
3377580,29434,2963
3377580,31461,2963
3377580,34292,2963
3377580,35761,2963
3377580,36039,2963
3377580,39733,2963
3377580,41093,2963
3377580,42938,2963
3377580,44134,2963
3377580,44626,2963
3377580,46202,2963
3377580,46780,2964
3377580,46960,2964
3377580,48585,2964
3377580,49953,2964
3377580,50677,2964
3377580,53492,2964
3377580,56498,2964
3377580,56760,2964
3377580,58447,2964
3377580,60452,2964
3377580,61178,2964
3377580,61227,2964
3377580,61451,2964
3377580,61713,2964
3377580,61735,2964
3377580,61753,2964
3377580,62049,2964
3377580,62214,2964
3377580,63204,2964
3377580,64984,2964
3377580,65383,2964
3377580,66356,2964
3377580,66795,2964
3377580,67357,2964
3377580,68673,2964
3377580,68919,2964
3377580,70094,2964
3377580,70628,2964
3377580,70843,2964
3377580,72157,2964
3377580,72695,2964
3377580,74847,2964
3377580,75310,2964
3377580,76410,2964
3377580,78703,2964
3377580,79171,2964
3377580,79387,2964
3377580,81440,2964
3377580,82107,2964
3377580,82701,2964
3377580,84308,2964
3377580,86314,2964
3377580,86919,2964
3377580,87920,2964
3377580,88227,2964
3377580,88452,2964
3377580,89189,2964
3377580,89226,2964
3377580,92415,2964
3377580,93436,2964
3377580,93886,2964
3377580,93988,2964
3377580,94205,2964
3377580,95181,2964
3377580,96315,2964
3377580,100025,2964
3377580,100512,2964
3377580,101293,2964
3377580,101527,2964
3377580,102893,2964
3377580,104498,2964
3377580,106130,2964
3377580,106586,2964
3377580,106845,2964
3377580,108664,2964
3377580,109728,2964
3377580,110459,2965
3377580,110694,2965
3377580,111676,2965
3377580,117147,2965
3377580,117318,2965
3377580,117473,2965
3377580,119642,2965
3377580,120059,2965
3377580,120424,2965
3377580,121850,2965
3377580,123996,2965
3377580,124115,2965
3377580,125653,2965
3377580,126320,2965
3377580,128820,2965
3377580,130526,2965
3377580,132252,2965
3377580,135590,2965
3377580,135959,2965
3377580,138520,2965
3377580,139823,2965
3377580,140982,2965
3377580,143005,2965
3377580,144451,2965
3377580,145086,2965
3377580,146221,2965
3377580,147185,2965
3377632,903,2961
3377632,4114,2961
3377632,4357,2961
3377632,4940,2961
3377632,5614,2961
3377632,6072,2961
3377632,8959,2961
3377632,10277,2961
3377632,11299,2961
3377632,12470,2961
3377632,13622,2961
3377632,14513,2961
3377632,14802,2961
3377632,17506,2961
3377632,18952,2961
3377632,19932,2961
3377632,22623,2961
3377632,23117,2961
3377632,23194,2961
3377632,24885,2961
3377632,24891,2961
3377632,25674,2961
3377632,26202,2961
3377632,26856,2961
3377632,28122,2961
3377632,28440,2961
3377632,29039,2961
3377632,29248,2961
3377632,29564,2961
3377632,31453,2961
3377632,33716,2961
3377632,34715,2961
3377632,35620,2961
3377632,37742,2961
3377632,39805,2961
3377632,40692,2961
3377632,40725,2961
3377632,40889,2961
3377632,41257,2961
3377632,44376,2961
3377632,45102,2961
3377632,45326,2961
3377632,45805,2961
3377632,46726,2961
3377632,47237,2961
3377632,54054,2961
3377632,54185,2961
leaf543.txt
