leaf
3579290,729,3908
3579290,3395,3908
3579290,8195,3908
3579290,9578,3908
3579290,10095,3908
3579290,10435,3908
3579290,11639,3908
3579290,13749,3908
3579290,15000,3908
3579290,15060,3908
3579290,18249,3908
3579290,19611,3908
3579290,20343,3908
3579290,20839,3908
3579290,23604,3908
3579290,24355,3908
3579290,25231,3908
3579290,26806,3908
3579290,27262,3908
3579290,27781,3908
3579290,30750,3908
3579290,31311,3908
3579290,32207,3908
3579290,34633,3908
3579290,35359,3908
3579290,38481,3908
3579290,38601,3908
3579290,39714,3908
3579290,40352,3908
3579290,43083,3908
3579290,44175,3908
3579290,52487,3908
3579290,53825,3908
3579290,54574,3908
3579290,56081,3908
3579290,57926,3908
3579290,58176,3908
3579290,60392,3908
3579290,61122,3908
3579290,61363,3908
3579290,61421,3908
3579290,61795,3908
3579290,62872,3908
3579290,63394,3908
3579290,70404,3908
3579290,71181,3909
3579290,71546,3909
3579290,72207,3909
3579290,72355,3909
3579290,73266,3909
3579290,73850,3909
3579290,73875,3909
3579290,74118,3909
3579290,75880,3909
3579290,76830,3909
3579290,78402,3909
3579290,79816,3909
3579290,80184,3909
3579290,80431,3909
3579290,81875,3909
3579290,82779,3909
3579290,87158,3909
3579290,89967,3909
3579290,90029,3909
3579290,90079,3909
3579290,91160,3909
3579290,92840,3909
3579290,94552,3909
3579290,95443,3909
3579290,95775,3909
3579290,95838,3909
3579290,96546,3909
3579290,96675,3909
3579290,97670,3909
3579290,98907,3909
3579290,98989,3909
3579290,99909,3909
3579290,99975,3909
3579290,102102,3909
3579290,103402,3909
3579290,103966,3909
3579290,104067,3909
3579290,104348,3909
3579290,104578,3909
3579290,105079,3909
3579290,105959,3909
3579290,107274,3909
3579290,109600,3909
3579290,110003,3909
3579290,112441,3909
3579290,113306,3909
3579290,115795,3909
3579290,116752,3909
3579290,117074,3909
3579290,117329,3909
3579290,119438,3909
3579290,120982,3909
3579290,121635,3909
3579290,122119,3909
3579290,122301,3909
3579290,122303,3909
3579290,122841,3909
3579290,124378,3909
3579290,125677,3909
3579290,129859,3909
3579290,133701,3909
3579290,135366,3909
3579290,136566,3909
3579290,136702,3909
3579290,137436,3909
3579290,138071,3909
3579290,138415,3910
3579290,139119,3910
3579290,139408,3910
3579290,139688,3910
3579290,142118,3910
3579290,142756,3910
3579290,143215,3910
3579290,145815,3910
3579290,147543,3910
3579290,148652,3910
3579290,149016,3910
3579342,5546,3910
3579342,5871,3910
3579342,7612,3910
3579342,10388,3910
3579342,12727,3910
3579342,17704,3910
3579342,32053,3910
3579342,37292,3910
3579342,37904,3910
3579342,39780,3910
3579342,43022,3910
3579342,48129,3910
3579342,48133,3910
3579342,50765,3910
3579342,52233,3910
3579342,54752,3910
3579342,55967,3910
3579342,58219,3910
3579342,61750,3910
3579342,64068,3910
3579342,64123,3910
3579342,66873,3910
3579342,67374,3910
3579342,73893,3910
3579342,77574,3910
3579342,77777,3910
3579342,78786,3910
3579342,78877,3910
3579342,80640,3910
3579342,83939,3910
3579342,87039,3910
3579342,88394,3910
3579342,92040,3910
3579342,97533,3910
3579342,101713,3910
3579342,102158,3910
3579342,102220,3910
3579342,104926,3910
3579342,109455,3910
3579342,112036,3910
3579342,113876,3910
3579342,117085,3910
3579342,118682,3910
3579342,120043,3910
3579342,122286,3910
3579342,128123,3910
3579342,131315,3910
3579342,131805,3910
3579342,133420,3910
3579342,133932,3910
3579342,135148,3910
3579342,138422,3910
3579342,140920,3910
3579342,141618,3910
3579342,146350,3910
3579342,146544,3911
3579402,889,3911
3579402,2287,3911
3579402,2617,3911
3579402,4883,3911
3579402,9323,3911
3579402,11866,3911
3579402,14762,3911
3579402,17611,3911
3579402,18183,3911
3579402,18230,3911
3579402,18238,3911
3579402,20548,3911
3579402,20717,3911
3579402,21102,3911
3579402,22834,3911
3579402,25880,3911
3579402,28531,3911
3579402,31085,3911
3579402,36358,3911
3579402,38658,3911
3579402,38672,3911
3579402,44085,3911
3579402,45888,3911
3579402,46489,3911
3579402,48585,3911
3579402,48776,3911
3579402,49375,3911
3579402,50908,3911
3579402,50990,3911
3579402,51186,3911
3579402,53098,3911
3579402,53687,3911
3579402,56238,3911
3579402,57425,3911
3579402,58270,3911
3579402,58650,3911
3579402,60260,3911
3579402,60644,3911
3579402,60736,3911
3579402,62286,3911
3579402,62321,3911
3579402,62863,3911
3579402,63035,3911
3579402,65134,3911
3579402,65494,3911
3579402,66809,3911
3579402,67610,3911
3579402,71896,3911
3579402,72507,3911
3579402,73865,3911
3579402,76262,3911
3579402,76699,3911
3579402,77160,3911
3579402,79126,3911
3579402,79320,3911
3579402,79619,3911
3579402,79873,3911
3579402,82700,3911
3579402,82960,3911
3579402,85971,3911
3579402,86345,3911
3579402,89415,3911
3579402,91096,3911
3579402,92011,3911
3579402,94032,3911
3579402,94072,3912
3579402,94416,3912
3579402,95947,3912
3579402,96187,3912
3579402,97879,3912
3579402,98188,3912
3579402,103302,3912
3579402,104216,3912
3579402,104494,3912
3579402,104847,3912
3579402,107461,3912
3579402,108430,3912
3579402,109656,3912
3579402,111075,3912
3579402,111625,3912
3579402,112307,3912
3579402,116196,3912
3579402,116701,3912
3579402,117163,3912
3579402,117216,3912
3579402,118539,3912
3579402,119267,3912
3579402,120293,3912
3579402,120379,3912
3579402,120889,3912
3579402,124023,3912
3579402,125208,3912
3579402,125920,3912
3579402,127249,3912
3579402,127821,3912
3579402,130022,3912
3579402,130831,3912
3579402,132026,3912
3579402,132769,3912
3579402,132914,3912
3579402,133822,3912
3579402,134012,3912
3579402,136141,3912
3579402,138302,3912
3579402,139056,3912
3579402,139973,3912
3579402,139983,3912
3579402,141063,3912
3579402,141355,3912
3579402,142793,3912
3579402,143799,3912
3579402,143986,3912
3579402,149306,3912
3579570,1496,3912
3579570,3765,3912
3579570,7798,3912
3579570,17914,3912
3579570,23967,3912
3579570,24471,3912
3579570,28093,3912
3579570,32224,3912
3579570,35223,3912
3579570,36544,3912
3579570,37484,3912
3579570,43409,3912
3579570,47269,3912
3579570,47839,3912
3579570,49400,3912
3579570,49690,3912
3579570,53659,3912
3579570,56003,3912
3579570,58546,3913
3579570,65153,3913
3579570,72165,3913
3579570,74813,3913
3579570,86939,3913
3579570,88295,3913
3579570,99980,3913
3579570,104140,3913
3579570,108021,3913
3579570,110196,3913
3579570,114007,3913
3579570,117046,3913
3579570,118228,3913
3579570,118503,3913
3579570,123587,3913
3579570,135215,3913
3579570,140174,3913
3579570,140273,3913
3579570,141137,3913
3579570,142600,3913
3579570,145311,3913
3579897,103,3906
3579897,794,3906
3579897,1659,3906
3579897,2267,3906
3579897,2590,3906
3579897,3750,3906
3579897,3809,3906
3579897,6355,3906
3579897,8715,3906
3579897,11674,3906
3579897,12111,3906
3579897,15941,3906
3579897,16522,3906
3579897,17786,3906
3579897,18204,3906
3579897,18224,3906
3579897,18832,3906
3579897,20924,3906
3579897,21309,3906
3579897,21518,3906
3579897,22658,3906
3579897,24398,3906
3579897,24730,3906
3579897,26878,3906
3579897,28784,3906
3579897,29027,3906
3579897,29531,3906
3579897,30704,3906
3579897,31818,3906
3579897,33237,3906
3579897,34306,3906
leaf716.txt
