leaf
3155282,10281,2210
3155282,10996,2210
3155282,13630,2210
3155282,13640,2210
3155282,14851,2210
3155282,16172,2210
3155282,20317,2210
3155282,23225,2210
3155282,23549,2210
3155282,25230,2210
3155282,25868,2210
3155282,26720,2210
3155282,29149,2210
3155282,30708,2210
3155282,31476,2210
3155282,31755,2211
3155282,32641,2211
3155282,34473,2211
3155282,35256,2211
3155282,36432,2211
3155282,37022,2211
3155282,39627,2211
3155282,39862,2211
3155282,40009,2211
3155282,40334,2211
3155282,40891,2211
3155282,41121,2211
3155282,41469,2211
3155282,41940,2211
3155282,43151,2211
3155282,43645,2211
3155282,45929,2211
3155282,46370,2211
3155282,46969,2211
3155282,48773,2211
3155282,48801,2211
3155282,51059,2211
3155282,52204,2211
3155282,52342,2211
3155282,53063,2211
3155282,55635,2211
3155282,56645,2211
3155282,58625,2211
3155282,59652,2211
3155282,60588,2211
3155282,60860,2211
3155282,64754,2211
3155282,65060,2211
3155282,66954,2211
3155282,67248,2211
3155282,68381,2211
3155282,71552,2211
3155282,71578,2211
3155282,73946,2211
3155282,73971,2211
3155282,74833,2211
3155282,75518,2211
3155282,75966,2211
3155282,76715,2211
3155282,78356,2211
3155282,79002,2211
3155282,81358,2211
3155282,82501,2211
3155282,84122,2211
3155282,84894,2211
3155282,84933,2211
3155282,86701,2211
3155282,87097,2211
3155282,87153,2211
3155282,87244,2211
3155282,89652,2211
3155282,90910,2211
3155282,91170,2211
3155282,91948,2211
3155282,92806,2211
3155282,94044,2211
3155282,96394,2211
3155282,97084,2211
3155282,97486,2211
3155282,98052,2211
3155282,100109,2211
3155282,100606,2212
3155282,100617,2212
3155282,103085,2212
3155282,103138,2212
3155282,103235,2212
3155282,104493,2212
3155282,105984,2212
3155282,108891,2212
3155282,111512,2212
3155282,111797,2212
3155282,111988,2212
3155282,113234,2212
3155282,114276,2212
3155282,114614,2212
3155282,116518,2212
3155282,117352,2212
3155282,118486,2212
3155282,122070,2212
3155282,122724,2212
3155282,122910,2212
3155282,123576,2212
3155282,123779,2212
3155282,125037,2212
3155282,125507,2212
3155282,125768,2212
3155282,126709,2212
3155282,129467,2212
3155282,131013,2212
3155282,133537,2212
3155282,134856,2212
3155282,134981,2212
3155282,135357,2212
3155282,135931,2212
3155282,137053,2212
3155282,137529,2212
3155282,137652,2212
3155282,138071,2212
3155282,138660,2212
3155282,139239,2212
3155282,139334,2212
3155282,140748,2212
3155282,142692,2212
3155282,143281,2212
3155282,145707,2212
3155282,145936,2212
3155282,146794,2212
3155282,147198,2212
3155282,148282,2212
3156651,7168,2212
3156651,10790,2212
3156651,13569,2212
3156651,16533,2212
3156651,18189,2212
3156651,20031,2212
3156651,20266,2212
3156651,22541,2212
3156651,23446,2212
3156651,51393,2212
3156651,56685,2212
3156651,57719,2212
3156651,62349,2212
3156651,70849,2212
3156651,74270,2212
3156651,74641,2212
3156651,89513,2212
3156651,96262,2212
3156651,97606,2213
3156651,104922,2213
3156651,117584,2213
3156651,126653,2213
3157019,828,2213
3157019,1333,2213
3157019,2681,2213
3157019,6455,2213
3157019,6517,2213
3157019,9458,2213
3157019,11763,2213
3157019,12695,2213
3157019,12809,2213
3157019,16842,2213
3157019,25088,2213
3157019,27706,2213
3157019,27980,2213
3157019,28092,2213
3157019,35773,2213
3157019,36360,2213
3157019,42310,2213
3157019,46131,2213
3157019,48183,2213
3157019,48511,2213
3157019,54125,2213
3157019,55688,2213
3157019,57926,2213
3157019,63723,2213
3157019,65873,2213
3157019,67634,2213
3157019,68960,2213
3157019,69595,2213
3157019,72479,2213
3157019,73719,2213
3157019,79155,2214
3157019,87603,2214
3157019,88856,2214
3157019,89718,2214
3157019,90734,2214
3157019,94043,2214
3157019,95616,2214
3157019,96411,2214
3157019,97322,2214
3157019,97397,2214
3157019,102754,2214
3157019,103287,2214
3157019,109605,2214
3157019,119800,2214
3157019,124344,2214
3157019,125767,2214
3157019,131832,2214
3157019,134304,2214
3157019,136470,2214
3157019,140127,2214
3157019,145959,2214
3157019,146253,2214
3157805,878,2213
3157805,8112,2213
3157805,8878,2213
3157805,12902,2213
3157805,20262,2213
3157805,21832,2213
3157805,31723,2213
3157805,39378,2213
3157805,45458,2213
3157805,47204,2213
3157805,49267,2213
3157805,49848,2213
3157805,51397,2213
3157805,56103,2213
3157805,57930,2213
3157805,66171,2213
3157805,66262,2213
3157805,71650,2213
3157805,78537,2213
3157805,79120,2213
3157805,81631,2213
3157805,83783,2213
3157805,107517,2213
3157805,111442,2213
3157805,113757,2213
3157805,114072,2213
3157805,114652,2213
3157805,118900,2213
3157805,132227,2213
3157805,135044,2213
3157805,139013,2213
3157805,148392,2213
3158128,1525,2219
3158128,2303,2219
3158128,3369,2219
3158128,3611,2219
3158128,5730,2219
3158128,7758,2219
3158128,8110,2219
3158128,9877,2219
3158128,9924,2219
3158128,13294,2219
3158128,13749,2219
3158128,14508,2219
3158128,18503,2219
3158128,18814,2219
3158128,20831,2219
3158128,24472,2219
3158128,30902,2219
3158128,33531,2219
3158128,36799,2219
3158128,38123,2219
3158128,38486,2219
3158128,42090,2219
3158128,42258,2219
3158128,44970,2219
3158128,45319,2219
3158128,45392,2219
3158128,45939,2219
3158128,48633,2219
3158128,49030,2219
3158128,57392,2219
3158128,60656,2219
3158128,60678,2219
3158128,66748,2219
3158128,67122,2219
3158128,74210,2219
3158128,75232,2219
3158128,76525,2219
3158128,76811,2219
3158128,84044,2219
3158128,87154,2219
3158128,95691,2219
3158128,102260,2219
3158128,107807,2219
3158128,110116,2219
3158128,110459,2219
3158128,111308,2219
3158128,125024,2219
3158128,126624,2219
3158128,132928,2219
3158128,135565,2219
3158128,143483,2219
3158311,3349,2216
3158311,3716,2216
3158311,4828,2216
3158311,7737,2216
3158311,12174,2216
3158311,13109,2216
3158311,13389,2216
3158311,14630,2216
3158311,15762,2216
3158311,16162,2216
3158311,17227,2216
3158311,18952,2216
3158311,21353,2216
3158311,23558,2216
3158311,25041,2216
3158311,26933,2216
3158311,30019,2216
3158311,30050,2216
3158311,30585,2216
3158311,30716,2216
3158311,30833,2216
3158311,33495,2216
3158311,33999,2216
3158311,40996,2216
3158311,42367,2216
3158311,42371,2216
3158311,44284,2216
3158311,47150,2216
3158311,50424,2216
3158311,51581,2216
3158311,53831,2216
3158311,58483,2216
3158311,64291,2216
3158311,68110,2216
3158311,71717,2216
3158311,71876,2216
3158311,73869,2216
3158311,76841,2216
3158311,77587,2216
3158311,78321,2216
3158311,78324,2216
3158311,80159,2216
3158311,81637,2216
3158311,84777,2216
3158311,90195,2217
3158311,95274,2217
3158311,97056,2217
3158311,98904,2217
3158311,101072,2217
3158311,101480,2217
3158311,101790,2217
3158311,102893,2217
3158311,103072,2217
3158311,103829,2217
3158311,104158,2217
3158311,104938,2217
3158311,105646,2217
3158311,107922,2217
3158311,109162,2217
3158311,110307,2217
3158311,111818,2217
3158311,112157,2217
3158311,116688,2217
3158311,117102,2217
3158311,117241,2217
3158311,117983,2217
3158311,121576,2217
3158311,123334,2217
3158311,124501,2217
3158311,126844,2217
3158311,127926,2217
3158311,130016,2217
3158311,130197,2217
3158311,131683,2217
3158311,132967,2217
leaf406.txt
