leaf
2785738,22912,1112
2785738,23156,1112
2785738,26190,1112
2785738,28331,1112
2785738,30057,1112
2785738,32314,1112
2785738,34217,1112
2785738,35333,1112
2785738,36536,1112
2785738,39610,1112
2785738,41754,1112
2785738,42218,1112
2785738,43807,1112
2785738,46422,1112
2785738,46492,1112
2785738,48472,1112
2785738,50848,1112
2785738,59300,1112
2785738,62085,1112
2785738,62782,1112
2785738,63115,1112
2785738,65632,1112
2785738,65865,1112
2785738,66796,1112
2785738,68929,1112
2785738,69590,1112
2785738,70927,1112
2785738,73723,1112
2785738,73971,1112
2785738,77192,1112
2785738,77667,1112
2785738,85241,1112
2785738,86503,1112
2785738,87008,1112
2785738,87305,1112
2785738,88874,1112
2785738,91019,1112
2785738,92982,1112
2785738,97864,1112
2785738,100843,1112
2785738,102394,1112
2785738,103044,1112
2785738,105884,1112
2785738,110283,1112
2785738,113310,1112
2785738,113904,1112
2785738,114361,1112
2785738,114863,1112
2785738,114895,1112
2785738,118007,1112
2785738,118133,1112
2785738,119850,1112
2785738,123813,1112
2785738,125579,1112
2785738,127735,1112
2785738,127961,1112
2785738,128719,1112
2785738,129153,1112
2785738,129876,1112
2785738,131244,1112
2785738,136700,1112
2785738,140499,1112
2785738,140918,1112
2785738,141179,1112
2785738,142674,1112
2785738,143100,1112
2785738,145005,1113
2785738,145049,1113
2785738,148344,1113
2785882,401,1111
2785882,8805,1111
2785882,9873,1111
2785882,10978,1111
2785882,13638,1111
2785882,15252,1111
2785882,22052,1111
2785882,22070,1111
2785882,23167,1111
2785882,33219,1111
2785882,36771,1111
2785882,38463,1111
2785882,42178,1111
2785882,43918,1111
2785882,44445,1111
2785882,46828,1111
2785882,47108,1111
2785882,52921,1111
2785882,54594,1111
2785882,57296,1111
2785882,58712,1111
2785882,66068,1111
2785882,68707,1111
2785882,69317,1111
2785882,75721,1111
2785882,80570,1111
2785882,83877,1111
2785882,87201,1111
2785882,94468,1111
2785882,95026,1111
2785882,97956,1111
2785882,100370,1111
2785882,101233,1111
2785882,104320,1111
2785882,113434,1111
2785882,115198,1111
2785882,121676,1111
2785882,126302,1111
2785882,128314,1111
2785882,128365,1111
2785882,129138,1111
2785882,133239,1111
2786238,524,1114
2786238,2280,1114
2786238,4060,1114
2786238,9118,1114
2786238,9392,1114
2786238,12352,1114
2786238,20788,1114
2786238,22108,1114
2786238,23393,1114
2786238,31653,1114
2786238,39575,1114
2786238,48479,1114
2786238,56182,1114
2786238,58750,1114
2786238,59028,1114
2786238,63772,1114
2786238,67709,1114
2786238,69286,1114
2786238,72462,1114
2786238,81617,1114
2786238,83394,1114
2786238,84981,1115
2786238,85374,1115
2786238,90507,1115
2786238,91994,1115
2786238,96160,1115
2786238,96906,1115
2786238,97279,1115
2786238,98185,1115
2786238,102156,1115
2786238,102471,1115
2786238,105035,1115
2786238,106785,1115
2786238,114589,1115
2786238,116100,1115
2786238,121953,1115
2786238,127135,1115
2786238,128747,1115
2786238,136348,1115
2786238,138612,1115
2786238,140223,1115
2786238,141168,1115
2786238,141310,1115
2786238,142700,1115
2786238,145618,1115
2786370,393,1115
2786370,5777,1115
2786370,7990,1115
2786370,10270,1115
2786370,11072,1115
2786370,16265,1115
2786370,22710,1115
2786370,24466,1115
2786370,25761,1115
2786370,26691,1115
2786370,34638,1115
2786370,38646,1115
2786370,41126,1115
2786370,42666,1115
2786370,43021,1115
2786370,43452,1115
2786370,50777,1115
2786370,56383,1115
2786370,62291,1115
2786370,68164,1115
2786370,70394,1115
2786370,72559,1115
2786370,73565,1115
2786370,78171,1115
2786370,83712,1115
2786370,86322,1115
2786370,92315,1115
2786370,93564,1115
2786370,98514,1115
2786370,100632,1115
2786370,111854,1115
2786370,113878,1115
2786370,114849,1115
2786370,115005,1115
2786370,120034,1115
2786370,121469,1115
2786370,126295,1115
2786370,134314,1115
2786370,134785,1115
2786370,136951,1115
2786370,139453,1115
2786370,144636,1115
2786370,145316,1116
2786370,147671,1116
2786385,1632,1113
2786385,4445,1113
2786385,10524,1113
2786385,14884,1113
2786385,28178,1113
2786385,28240,1113
2786385,32347,1113
2786385,35302,1113
2786385,41919,1113
2786385,44023,1113
2786385,47330,1113
2786385,49869,1113
2786385,51933,1113
2786385,54709,1113
2786385,58781,1113
2786385,60841,1113
2786385,67222,1113
2786385,68321,1113
2786385,69643,1113
2786385,72702,1113
2786385,75679,1113
2786385,75829,1113
2786385,81248,1113
2786385,81593,1113
2786385,82749,1113
2786385,91792,1113
2786385,91921,1113
2786385,92433,1113
2786385,93645,1113
2786385,93815,1113
2786385,95372,1113
2786385,98216,1113
2786385,98580,1113
2786385,99200,1113
2786385,101467,1113
2786385,103402,1113
2786385,106697,1113
2786385,111219,1113
2786385,118988,1113
2786385,119848,1113
2786385,126746,1113
2786385,128967,1113
2786385,129737,1113
2786385,130323,1113
2786385,130767,1113
2786385,131625,1113
2786385,134414,1113
2786385,135844,1113
2786385,136382,1113
2786385,141430,1113
2786408,4869,1113
2786408,6056,1113
2786408,12002,1113
2786408,60899,1113
2786408,80330,1113
2786408,84590,1113
2786408,88844,1113
2786408,99723,1113
2786408,108186,1113
2786408,118674,1113
2786408,130074,1113
2786408,142691,1113
2786998,7282,1113
2786998,13253,1114
2786998,16962,1114
2786998,20888,1114
2786998,27062,1114
2786998,32364,1114
2786998,34099,1114
2786998,34792,1114
2786998,47500,1114
2786998,47866,1114
2786998,48409,1114
2786998,50451,1114
2786998,50657,1114
2786998,56266,1114
2786998,57741,1114
2786998,61962,1114
2786998,68949,1114
2786998,69381,1114
2786998,75959,1114
2786998,96252,1114
2786998,99794,1114
2786998,99859,1114
2786998,100384,1114
2786998,101710,1114
2786998,102876,1114
2786998,105098,1114
2786998,105677,1114
2786998,106720,1114
2786998,107023,1114
2786998,107471,1114
2786998,110498,1114
2786998,111133,1114
2786998,115382,1114
2786998,117080,1114
2786998,121177,1114
2786998,121328,1114
2786998,121647,1114
2786998,126186,1114
2786998,127887,1114
2786998,128173,1114
2786998,134997,1114
2786998,136819,1114
2786998,140384,1114
2786998,141410,1114
2786998,142514,1114
2786998,144075,1114
2787022,12322,1116
2787022,20207,1116
2787022,31532,1116
2787022,39276,1116
2787022,40097,1116
2787022,45063,1116
2787022,46694,1116
2787022,48697,1116
2787022,57413,1116
2787022,67038,1116
2787022,69639,1116
2787022,69790,1116
2787022,74550,1116
2787022,87689,1116
2787022,90586,1116
2787022,90838,1116
2787022,97785,1116
2787022,104545,1116
2787022,106365,1116
2787022,109541,1116
2787022,118213,1116
2787022,118733,1116
2787022,122445,1116
2787022,142707,1116
2787022,142711,1116
2787022,145299,1116
2787022,146671,1116
2787022,148006,1116
2787070,383,1117
2787070,1024,1117
2787070,1169,1117
2787070,1496,1117
2787070,1612,1117
2787070,2462,1117
2787070,3701,1117
2787070,4087,1117
2787070,4547,1117
2787070,5739,1117
2787070,5740,1117
2787070,6744,1117
2787070,8036,1117
2787070,8604,1117
2787070,8718,1117
2787070,8804,1117
2787070,14342,1117
2787070,14485,1117
2787070,16721,1118
2787070,19465,1118
2787070,19718,1118
2787070,21027,1118
2787070,21209,1118
2787070,21513,1118
2787070,22310,1118
leaf205.txt
