leaf
2606451,46978,611
2606451,47481,611
2606451,48712,611
2606451,51002,611
2606451,51500,611
2606451,51693,611
2606451,52178,611
2606451,52410,611
2606451,52946,611
2606451,52998,611
2606451,59350,611
2606451,61168,611
2606451,61693,611
2606451,64028,612
2606451,66484,612
2606451,67076,612
2606451,68425,612
2606451,69544,612
2606451,69613,612
2606451,70045,612
2606451,70117,612
2606451,70254,612
2606451,75424,612
2606451,75428,612
2606451,75884,612
2606451,80495,612
2606451,81061,612
2606451,81561,612
2606451,82304,612
2606451,84156,612
2606451,84533,612
2606451,84655,612
2606451,84921,612
2606451,85779,612
2606451,87305,612
2606451,87622,612
2606451,87893,612
2606451,97659,612
2606451,98425,612
2606451,101968,612
2606451,102007,612
2606451,103167,612
2606451,103304,612
2606451,103385,612
2606451,105405,612
2606451,108525,612
2606451,109258,612
2606451,109572,612
2606451,110459,612
2606451,115411,612
2606451,117620,612
2606451,120401,612
2606451,125376,612
2606451,126656,612
2606451,130163,612
2606451,130986,612
2606451,131369,612
2606451,134139,612
2606451,135213,612
2606451,136090,612
2606451,144310,612
2606451,146192,612
2606451,146435,612
2606451,147516,612
2606780,1058,618
2606780,6681,618
2606780,6978,618
2606780,7790,618
2606780,11602,618
2606780,12390,618
2606780,17612,618
2606780,19940,618
2606780,35982,618
2606780,37227,618
2606780,47496,618
2606780,56381,618
2606780,58712,618
2606780,58895,618
2606780,69783,618
2606780,71086,618
2606780,71870,618
2606780,75353,618
2606780,76006,618
2606780,81670,618
2606780,82972,618
2606780,84184,618
2606780,86368,618
2606780,89864,618
2606780,103544,618
2606780,106830,618
2606780,109043,618
2606780,109354,618
2606780,109746,618
2606780,111478,618
2606780,115189,618
2606780,123323,618
2606780,127091,618
2606780,128435,618
2606780,132073,618
2606780,138629,618
2606780,143879,618
2606780,145602,618
2606780,146471,618
2606780,148810,618
2606819,304,614
2606819,1058,614
2606819,20216,614
2606819,20320,614
2606819,32533,614
2606819,35760,614
2606819,38563,614
2606819,41209,614
2606819,45906,614
2606819,63979,614
2606819,67458,614
2606819,67673,614
2606819,76005,614
2606819,81422,614
2606819,82073,614
2606819,85323,614
2606819,85477,614
2606819,96136,614
2606819,96941,614
2606819,97592,614
2606819,97983,614
2606819,112886,614
2606819,116030,614
2606819,122618,614
2606819,133258,614
2606819,137298,614
2606819,142901,614
2606819,145959,615
2606898,640,615
2606898,2678,615
2606898,4069,615
2606898,4549,615
2606898,5049,615
2606898,5478,615
2606898,6284,615
2606898,14221,615
2606898,14328,615
2606898,14637,615
2606898,15483,615
2606898,15788,615
2606898,15838,615
2606898,16456,615
2606898,16942,615
2606898,17621,615
2606898,19393,615
2606898,21578,615
2606898,22388,616
2606898,23630,616
2606898,25517,616
2606898,25717,616
2606898,26581,616
2606898,26690,616
2606898,26851,616
2606898,28300,616
2606898,29271,616
2606898,30477,616
2606898,32221,616
2606898,32603,616
2606898,32831,616
2606898,33184,616
2606898,34100,616
2606898,35761,616
2606898,36331,616
2606898,37380,616
2606898,37642,616
2606898,37788,616
2606898,37815,616
2606898,38078,616
2606898,39692,616
2606898,41378,616
2606898,42255,616
2606898,42555,616
2606898,43866,616
2606898,45736,616
2606898,46047,616
2606898,46100,616
2606898,47712,616
2606898,47874,616
2606898,47944,616
2606898,47970,616
2606898,48603,616
2606898,48882,616
2606898,49295,616
2606898,50347,616
2606898,50425,616
2606898,50807,616
2606898,50875,616
2606898,53111,616
2606898,53131,616
2606898,53413,616
2606898,53515,616
2606898,54293,616
2606898,54508,616
2606898,54562,616
2606898,55015,616
2606898,60915,616
2606898,62551,616
2606898,62806,616
2606898,63086,616
2606898,63656,616
2606898,64497,616
2606898,65250,616
2606898,66046,616
2606898,66309,616
2606898,66372,616
2606898,66419,616
2606898,67085,616
2606898,68862,616
2606898,69612,616
2606898,70910,616
2606898,71889,616
2606898,72666,616
2606898,73482,617
2606898,73498,617
2606898,76814,617
2606898,76971,617
2606898,77647,617
2606898,77719,617
2606898,78656,617
2606898,78786,617
2606898,79834,617
2606898,79948,617
2606898,80855,617
2606898,81356,617
2606898,82582,617
2606898,83700,617
2606898,84187,617
2606898,85987,617
2606898,86322,617
2606898,88434,617
2606898,90190,617
2606898,90325,617
2606898,91525,617
2606898,93422,617
2606898,93512,617
2606898,94201,617
2606898,96042,617
2606898,96161,617
2606898,98465,617
2606898,98784,617
2606898,99415,617
2606898,99759,617
2606898,100098,617
2606898,100804,617
2606898,101531,617
2606898,102204,617
2606898,103109,617
2606898,103889,617
2606898,104269,617
2606898,105761,617
2606898,105972,617
2606898,106785,617
2606898,107018,617
2606898,107183,617
2606898,107375,617
2606898,107854,617
2606898,109158,617
2606898,109447,617
2606898,109997,617
2606898,111325,617
2606898,111622,617
2606898,113050,617
2606898,113159,617
2606898,115032,617
2606898,116815,617
2606898,118790,617
2606898,119010,617
2606898,119396,617
2606898,119490,617
2606898,121257,617
2606898,121837,617
2606898,122064,617
2606898,122686,617
2606898,123051,617
2606898,123135,617
2606898,124323,617
2606898,124691,617
2606898,125041,617
2606898,127595,618
2606898,127721,618
2606898,127863,618
2606898,128509,618
2606898,129138,618
2606898,130298,618
2606898,131647,618
2606898,131649,618
2606898,132026,618
2606898,132869,618
2606898,133562,618
2606898,134983,618
2606898,135343,618
2606898,137573,618
2606898,138317,618
2606898,138720,618
2606898,139559,618
2606898,141257,618
2606898,141451,618
2606898,141528,618
2606898,144369,618
2606898,144662,618
2606898,145199,618
2606898,146478,618
2606898,146833,618
2606898,149031,618
2606935,1469,615
2606935,1581,615
2606935,2932,615
2606935,11718,615
2606935,17298,615
2606935,17843,615
2606935,20313,615
2606935,20371,615
2606935,21779,615
2606935,22543,615
2606935,29148,615
2606935,30658,615
2606935,30733,615
2606935,30775,615
2606935,32892,615
2606935,35945,615
2606935,41904,615
2606935,42713,615
2606935,46418,615
2606935,51783,615
2606935,58104,615
2606935,62715,615
2606935,65626,615
2606935,69470,615
2606935,70348,615
2606935,78948,615
2606935,92246,615
2606935,93823,615
2606935,95022,615
2606935,104033,615
2606935,111356,615
2606935,112658,615
2606935,114014,615
2606935,116107,615
2606935,117104,615
2606935,119324,615
2606935,123621,615
2606935,132805,615
2606935,134928,615
2606935,137187,615
2606935,138227,615
2606935,139957,615
2606935,140939,615
2606935,142316,615
2606935,144765,615
2606935,145076,615
2606935,145105,615
2607080,6284,623
2607080,19461,623
2607080,21726,623
2607080,23573,623
2607080,24171,623
2607080,24825,623
leaf114.txt
