leaf
3061362,44325,1937
3061362,44535,1937
3061362,48057,1937
3061362,48712,1937
3061362,49607,1937
3061362,49719,1937
3061362,51336,1937
3061362,54228,1937
3061362,59542,1937
3061362,62222,1937
3061362,80282,1937
3061362,80982,1937
3061362,98061,1937
3061362,102417,1937
3061362,106911,1937
3061362,109442,1937
3061362,111245,1937
3061362,111949,1937
3061362,115965,1937
3061362,117703,1937
3061362,121621,1937
3061362,132185,1937
3061362,133386,1937
3061362,134558,1937
3061362,135529,1937
3061362,142342,1937
3061937,25370,1937
3061937,40679,1937
3061937,41179,1937
3061937,53881,1937
3061937,56081,1937
3061937,57366,1937
3061937,57641,1937
3061937,85936,1937
3061937,88410,1937
3061937,112883,1937
3061937,120297,1937
3061937,125616,1937
3061937,125811,1937
3061937,126189,1937
3062046,470,1942
3062046,981,1942
3062046,1540,1942
3062046,1686,1942
3062046,4290,1942
3062046,4602,1942
3062046,4880,1942
3062046,5657,1942
3062046,6533,1942
3062046,6699,1942
3062046,9147,1942
3062046,10748,1942
3062046,13084,1942
3062046,13379,1942
3062046,14689,1942
3062046,14920,1942
3062046,15609,1942
3062046,16114,1942
3062046,16575,1942
3062046,16778,1942
3062046,16950,1942
3062046,17626,1942
3062046,18399,1942
3062046,18743,1942
3062046,18979,1942
3062046,19877,1942
3062046,24182,1943
3062046,24620,1943
3062046,24697,1943
3062046,28858,1943
3062046,29879,1943
3062046,32064,1943
3062046,34316,1943
3062046,34838,1943
3062046,36214,1943
3062046,37873,1943
3062046,37901,1943
3062046,38649,1943
3062046,39125,1943
3062046,39199,1943
3062046,40427,1943
3062046,41700,1943
3062046,48346,1943
3062046,49758,1943
3062046,52924,1943
3062046,57221,1943
3062046,58084,1943
3062046,58149,1943
3062046,59299,1943
3062046,59840,1943
3062046,59934,1943
3062046,61092,1943
3062046,61283,1943
3062046,61937,1943
3062046,62903,1943
3062046,63816,1943
3062046,64575,1943
3062046,65447,1943
3062046,65609,1943
3062046,65994,1943
3062046,67666,1943
3062046,68132,1943
3062046,68851,1943
3062046,70135,1943
3062046,71004,1943
3062046,71457,1943
3062046,72455,1943
3062046,73706,1943
3062046,75384,1943
3062046,75436,1943
3062046,77102,1943
3062046,77702,1943
3062046,79172,1943
3062046,79557,1943
3062046,79564,1943
3062046,79804,1943
3062046,79924,1943
3062046,80947,1943
3062046,82203,1943
3062046,82968,1943
3062046,85219,1943
3062046,86226,1943
3062046,86531,1943
3062046,87157,1943
3062046,88453,1943
3062046,89597,1943
3062046,91325,1943
3062046,91481,1943
3062046,92069,1943
3062046,94066,1943
3062046,95532,1943
3062046,100725,1943
3062046,101754,1944
3062046,105554,1944
3062046,109762,1944
3062046,110022,1944
3062046,113932,1944
3062046,114609,1944
3062046,116612,1944
3062046,117500,1944
3062046,118039,1944
3062046,118870,1944
3062046,119744,1944
3062046,120965,1944
3062046,122043,1944
3062046,123358,1944
3062046,124808,1944
3062046,125038,1944
3062046,125395,1944
3062046,125778,1944
3062046,127187,1944
3062046,128514,1944
3062046,131330,1944
3062046,131536,1944
3062046,134507,1944
3062046,137966,1944
3062046,138288,1944
3062046,138627,1944
3062046,139727,1944
3062046,139789,1944
3062046,139845,1944
3062046,140932,1944
3062046,141940,1944
3062046,142443,1944
3062046,143167,1944
3062046,144868,1944
3062046,146451,1944
3062046,146610,1944
3062046,147330,1944
3062046,148576,1944
3062046,149025,1944
3062046,149308,1944
3062618,1271,1939
3062618,8370,1939
3062618,8893,1939
3062618,11544,1939
3062618,12332,1939
3062618,12865,1939
3062618,32204,1939
3062618,32683,1939
3062618,37039,1939
3062618,41946,1939
3062618,42940,1939
3062618,45551,1939
3062618,47673,1939
3062618,49998,1939
3062618,70479,1939
3062618,74835,1939
3062618,76475,1939
3062618,84460,1939
3062618,87606,1939
3062618,90520,1939
3062618,98223,1939
3062618,98571,1939
3062618,103610,1939
3062618,104375,1939
3062618,104484,1939
3062618,116408,1939
3062618,139170,1939
3062618,142489,1939
3062618,143625,1939
3062618,147872,1939
3062801,620,1944
3062801,4964,1944
3062801,9450,1944
3062801,11974,1944
3062801,14564,1944
3062801,15424,1944
3062801,16056,1944
3062801,16298,1944
3062801,19858,1944
3062801,19904,1944
3062801,20525,1944
3062801,26122,1944
3062801,29337,1944
3062801,29686,1944
3062801,32286,1944
3062801,33366,1944
3062801,37765,1944
3062801,39893,1944
3062801,40682,1944
3062801,42991,1944
3062801,43793,1944
3062801,43855,1944
3062801,44856,1944
3062801,45450,1944
3062801,46033,1944
3062801,51943,1944
3062801,54671,1945
3062801,54950,1945
3062801,56133,1945
3062801,59266,1945
3062801,59809,1945
3062801,62232,1945
3062801,63433,1945
3062801,64705,1945
3062801,65380,1945
3062801,69891,1945
3062801,72573,1945
3062801,73858,1945
3062801,76430,1945
3062801,79058,1945
3062801,82971,1945
3062801,84527,1945
3062801,86823,1945
3062801,87718,1945
3062801,91418,1945
3062801,91809,1945
3062801,95043,1945
3062801,98045,1945
3062801,99131,1945
3062801,100481,1945
3062801,109023,1945
3062801,109218,1945
3062801,111486,1945
3062801,121431,1945
3062801,122085,1945
3062801,125343,1945
3062801,126000,1945
3062801,126048,1945
3062801,130333,1945
3062801,131563,1945
3062801,133967,1945
3062801,136749,1945
3062801,139922,1945
3062801,140708,1945
3062801,141117,1945
3062801,141692,1945
3062801,143429,1945
3062801,143760,1945
3062801,147489,1945
3062801,147578,1945
3062801,147811,1945
3062801,148417,1945
3062802,472,1939
3062802,620,1939
3062802,2561,1939
3062802,3733,1939
3062802,3776,1939
3062802,3938,1939
3062802,4449,1939
3062802,5407,1939
3062802,6491,1939
3062802,6578,1939
3062802,7278,1939
3062802,8095,1939
3062802,8338,1939
3062802,8944,1939
3062802,9233,1939
3062802,9439,1939
3062802,10133,1939
3062802,11935,1939
3062802,12583,1939
3062802,13009,1939
3062802,14021,1939
3062802,14324,1939
3062802,14431,1939
3062802,16489,1939
3062802,17266,1939
3062802,18248,1939
3062802,18973,1939
3062802,19809,1939
3062802,20127,1939
3062802,22091,1939
3062802,22199,1939
3062802,22966,1939
3062802,23639,1939
3062802,24044,1939
3062802,28830,1940
3062802,29878,1940
3062802,30776,1940
3062802,31757,1940
3062802,31852,1940
3062802,33066,1940
3062802,33222,1940
3062802,33430,1940
3062802,35224,1940
3062802,35417,1940
3062802,35872,1940
3062802,36429,1940
3062802,36983,1940
3062802,37765,1940
3062802,37831,1940
3062802,38295,1940
3062802,38702,1940
3062802,39385,1940
3062802,39438,1940
3062802,40544,1940
3062802,41221,1940
3062802,41325,1940
3062802,41676,1940
3062802,43323,1940
3062802,43643,1940
3062802,43705,1940
3062802,44121,1940
3062802,44202,1940
3062802,44308,1940
3062802,44535,1940
3062802,44854,1940
3062802,45450,1940
3062802,46075,1940
3062802,47334,1940
3062802,47802,1940
3062802,48316,1940
3062802,49479,1940
3062802,51943,1940
3062802,52303,1940
3062802,53034,1940
3062802,53864,1940
3062802,54001,1940
3062802,56133,1940
3062802,56872,1940
3062802,57693,1940
3062802,59809,1940
3062802,62748,1940
3062802,63433,1940
3062802,64652,1940
3062802,65432,1940
3062802,65519,1940
3062802,66027,1940
3062802,66551,1940
leaf356.txt
