leaf
2741313,80645,968
2741313,81022,968
2741313,81422,968
2741313,82196,968
2741313,83759,968
2741313,84518,968
2741313,85764,968
2741313,86865,968
2741313,88129,968
2741313,89203,968
2741313,89912,968
2741313,91640,968
2741313,91786,968
2741313,92039,968
2741313,92111,968
2741313,92425,968
2741313,93969,968
2741313,95683,968
2741313,98181,968
2741313,98758,968
2741313,98944,968
2741313,99041,968
2741313,99481,968
2741313,99535,968
2741313,99696,968
2741313,100449,968
2741313,102117,968
2741313,102384,968
2741313,103135,968
2741313,103840,968
2741313,104318,968
2741313,104622,968
2741313,105925,968
2741313,108811,968
2741313,113380,968
2741313,113990,968
2741313,114242,968
2741313,115863,968
2741313,115868,968
2741313,116520,968
2741313,116736,968
2741313,117033,968
2741313,117560,968
2741313,118070,968
2741313,119021,968
2741313,119205,968
2741313,119306,968
2741313,121295,968
2741313,121857,968
2741313,121904,968
2741313,123843,968
2741313,124295,968
2741313,126208,968
2741313,128372,968
2741313,128481,969
2741313,128601,969
2741313,128711,969
2741313,129323,969
2741313,132957,969
2741313,133128,969
2741313,133982,969
2741313,137416,969
2741313,140935,969
2741313,141533,969
2741313,141567,969
2741313,141658,969
2741313,142249,969
2741313,142402,969
2741313,142478,969
2741313,143799,969
2741313,144159,969
2741313,146473,969
2741313,146577,969
2741313,147552,969
2741313,148037,969
2741313,148455,969
2741313,148567,969
2741368,8110,971
2741368,11704,971
2741368,22857,971
2741368,25761,971
2741368,28774,971
2741368,29066,971
2741368,32707,971
2741368,33131,971
2741368,34977,971
2741368,41933,971
2741368,51345,971
2741368,56890,971
2741368,59086,971
2741368,61824,971
2741368,68901,971
2741368,70349,971
2741368,75642,971
2741368,82860,971
2741368,88556,971
2741368,89850,971
2741368,96896,971
2741368,103560,971
2741368,117555,971
2741368,121082,971
2741368,123756,971
2741368,124734,971
2741540,2282,970
2741540,5853,970
2741540,6585,970
2741540,6994,970
2741540,12977,970
2741540,15665,970
2741540,16592,970
2741540,21677,970
2741540,21886,970
2741540,29699,970
2741540,30115,970
2741540,30990,970
2741540,37512,970
2741540,38970,970
2741540,39941,970
2741540,40216,970
2741540,41869,970
2741540,43561,970
2741540,47284,970
2741540,52746,970
2741540,54058,970
2741540,56279,970
2741540,57329,970
2741540,66544,970
2741540,71021,970
2741540,71351,970
2741540,74618,970
2741540,77897,970
2741540,79591,970
2741540,81018,970
2741540,81024,970
2741540,84951,970
2741540,86934,970
2741540,89688,970
2741540,89902,970
2741540,90410,970
2741540,95090,970
2741540,99222,970
2741540,101003,970
2741540,102179,970
2741540,102655,970
2741540,104918,970
2741540,107513,970
2741540,107523,970
2741540,108632,970
2741540,109564,970
2741540,109795,970
2741540,110052,970
2741540,117378,970
2741540,117862,970
2741540,117942,970
2741540,120525,970
2741540,123204,970
2741540,124804,970
2741540,126291,970
2741540,128625,970
2741540,131164,970
2741540,133905,970
2741540,134080,970
2741540,135895,970
2741540,141325,970
2741540,141732,970
2741540,147860,971
2741957,3985,966
2741957,7241,966
2741957,11387,966
2741957,11510,966
2741957,14623,966
2741957,20618,966
2741957,20683,966
2741957,22314,966
2741957,28276,966
2741957,32765,966
2741957,34317,966
2741957,45622,966
2741957,47924,966
2741957,50416,966
2741957,59354,966
2741957,71539,966
2741957,75149,966
2741957,77623,966
2741957,80402,966
2741957,81462,966
2741957,81515,966
2741957,83467,966
2741957,83799,966
2741957,84313,966
2741957,90972,966
2741957,97021,966
2741957,100129,966
2741957,100179,966
2741957,103170,966
2741957,103213,966
2741957,108852,966
2741957,109014,966
2741957,110803,966
2741957,128542,966
2741957,130067,966
2741957,132305,966
2741957,133461,966
2741957,138193,966
2741957,138865,966
2741957,139438,966
2741957,142540,966
2741957,144866,966
2742153,5261,972
2742153,10657,972
2742153,15096,972
2742153,18567,972
2742153,23536,972
2742153,24692,972
2742153,26710,972
2742153,30758,972
2742153,35644,972
2742153,36670,972
2742153,37750,972
2742153,37762,972
2742153,41552,972
2742153,43000,972
2742153,43545,972
2742153,45035,972
2742153,55241,972
2742153,56028,972
2742153,58325,972
2742153,62498,972
2742153,62939,972
2742153,63012,972
2742153,63698,972
2742153,64486,972
2742153,65792,972
2742153,68825,972
2742153,68998,972
2742153,71552,972
2742153,71716,972
2742153,75805,972
2742153,80330,972
2742153,86066,972
2742153,95645,972
2742153,98913,972
2742153,102359,972
2742153,103138,972
2742153,103235,972
2742153,105317,972
2742153,106359,972
2742153,106967,972
2742153,108862,972
2742153,111706,972
2742153,111986,972
2742153,112061,972
2742153,112822,972
2742153,112835,972
2742153,113764,973
2742153,115774,973
2742153,120558,973
2742153,120827,973
2742153,123200,973
2742153,123533,973
2742153,126114,973
2742153,127458,973
2742153,127731,973
2742153,129246,973
2742153,130690,973
2742153,133465,973
2742153,135468,973
2742153,137896,973
2742153,141109,973
2742153,143998,973
2742153,145182,973
2742153,146616,973
2742153,147230,973
2742153,147668,973
2742203,558,974
2742203,1896,974
2742203,6048,974
2742203,7748,974
2742203,8217,974
2742203,11885,974
2742203,17122,974
2742203,20397,974
2742203,20643,974
2742203,23055,974
2742203,24528,974
2742203,25345,974
2742203,26114,974
2742203,29500,974
2742203,32181,974
2742203,32224,974
2742203,36304,974
2742203,38116,974
2742203,38592,974
2742203,39248,974
2742203,39669,974
2742203,40736,974
2742203,43083,974
2742203,44005,974
2742203,44243,974
2742203,45382,974
2742203,46691,974
2742203,47028,974
2742203,48068,974
2742203,49227,974
2742203,49431,974
2742203,51288,974
2742203,55735,974
2742203,55950,974
2742203,56040,974
2742203,56190,974
2742203,59169,974
2742203,62040,974
2742203,63573,974
2742203,66633,974
2742203,67038,974
2742203,67377,974
2742203,67400,974
2742203,67726,974
2742203,67839,974
2742203,67909,974
2742203,71636,974
2742203,72716,974
2742203,75368,974
2742203,80011,974
2742203,80087,974
2742203,80338,974
2742203,81087,974
2742203,82584,974
2742203,84164,974
2742203,86878,974
2742203,87079,974
2742203,88604,974
2742203,89707,974
2742203,89749,974
2742203,89925,974
2742203,90048,974
2742203,90711,975
2742203,91416,975
2742203,91812,975
2742203,94202,975
2742203,95177,975
2742203,98214,975
2742203,100463,975
2742203,100607,975
2742203,102700,975
2742203,104927,975
2742203,105640,975
2742203,105800,975
2742203,107536,975
2742203,107879,975
2742203,107917,975
2742203,114082,975
2742203,115938,975
2742203,115960,975
2742203,117018,975
2742203,120925,975
2742203,121193,975
2742203,121316,975
2742203,121322,975
2742203,122333,975
2742203,122893,975
leaf179.txt
