leaf
3587854,12948,3932
3587854,20937,3932
3587854,28282,3932
3587854,30631,3932
3587854,31285,3932
3587854,36159,3932
3587854,37992,3932
3587854,39832,3932
3587854,41561,3932
3587854,46424,3932
3587854,51744,3932
3587854,55646,3932
3587854,58626,3932
3587854,58944,3932
3587854,59668,3932
3587854,61287,3932
3587854,66485,3932
3587854,70865,3932
3587854,76036,3932
3587854,80375,3932
3587854,81341,3932
3587854,83988,3932
3587854,84456,3932
3587854,86927,3932
3587854,89826,3932
3587854,97016,3932
3587854,97854,3932
3587854,98534,3932
3587854,100664,3932
3587854,102383,3932
3587854,103343,3932
3587854,103471,3932
3587854,105561,3932
3587854,109526,3932
3587854,109821,3932
3587854,110132,3932
3587854,113268,3932
3587854,114717,3932
3587854,118407,3932
3587854,121713,3933
3587854,122782,3933
3587854,125811,3933
3587854,128285,3933
3587854,129439,3933
3587854,129615,3933
3587854,130551,3933
3587854,132026,3933
3587854,135512,3933
3587854,138432,3933
3587854,146148,3933
3587854,149289,3933
3588106,2566,3934
3588106,5004,3934
3588106,15486,3934
3588106,15941,3934
3588106,28236,3934
3588106,30459,3934
3588106,41884,3934
3588106,53696,3934
3588106,62475,3934
3588106,82349,3934
3588106,92301,3934
3588106,101394,3934
3588106,112570,3934
3588106,116102,3934
3588106,119221,3934
3588106,122218,3934
3588106,122733,3934
3588106,126599,3934
3588106,129095,3934
3588106,132203,3934
3588106,136523,3934
3588121,2635,3934
3588121,4702,3934
3588121,6970,3934
3588121,7285,3934
3588121,7866,3934
3588121,9636,3934
3588121,13613,3934
3588121,14730,3934
3588121,19169,3934
3588121,31917,3934
3588121,37318,3934
3588121,38332,3934
3588121,40891,3935
3588121,47291,3935
3588121,53872,3935
3588121,55388,3935
3588121,55854,3935
3588121,56816,3935
3588121,61876,3935
3588121,66206,3935
3588121,66669,3935
3588121,67122,3935
3588121,69659,3935
3588121,71153,3935
3588121,71677,3935
3588121,71923,3935
3588121,73788,3935
3588121,75074,3935
3588121,75975,3935
3588121,80108,3935
3588121,82039,3935
3588121,91104,3935
3588121,96074,3935
3588121,109817,3935
3588121,112319,3935
3588121,126624,3935
3588121,129116,3935
3588121,130186,3935
3588121,131372,3935
3588121,141608,3935
3588121,144483,3935
3588208,564,3935
3588208,4602,3935
3588208,4888,3935
3588208,22143,3935
3588208,30472,3935
3588208,31565,3935
3588208,33366,3935
3588208,41323,3935
3588208,42050,3935
3588208,44508,3935
3588208,45004,3935
3588208,47991,3935
3588208,48448,3935
3588208,48702,3935
3588208,54383,3935
3588208,55155,3935
3588208,60425,3935
3588208,62157,3935
3588208,62244,3935
3588208,65098,3935
3588208,66584,3935
3588208,69412,3935
3588208,70006,3935
3588208,72938,3935
3588208,79784,3935
3588208,80612,3935
3588208,80659,3935
3588208,84313,3935
3588208,92450,3935
3588208,93580,3935
3588208,97240,3935
3588208,98991,3935
3588208,100527,3935
3588208,100975,3935
3588208,104474,3935
3588208,106785,3935
3588208,110498,3935
3588208,113124,3936
3588208,117532,3936
3588208,118495,3936
3588208,130440,3936
3588208,130895,3936
3588208,131334,3936
3588208,131343,3936
3588208,134498,3936
3588208,142018,3936
3588208,143374,3936
3588208,143760,3936
3589132,3237,3936
3589132,6469,3936
3589132,7668,3936
3589132,13276,3936
3589132,14970,3936
3589132,20920,3936
3589132,25875,3936
3589132,31953,3936
3589132,33178,3936
3589132,39669,3936
3589132,40418,3937
3589132,45046,3937
3589132,50195,3937
3589132,51195,3937
3589132,52729,3937
3589132,54980,3937
3589132,67038,3937
3589132,67826,3937
3589132,67853,3937
3589132,69703,3937
3589132,78340,3937
3589132,78711,3937
3589132,83179,3937
3589132,83681,3937
3589132,87355,3937
3589132,88964,3937
3589132,89641,3937
3589132,91951,3937
3589132,92962,3937
3589132,93522,3937
3589132,94658,3937
3589132,105002,3937
3589132,113871,3937
3589132,114234,3937
3589132,115005,3937
3589132,118068,3937
3589132,120615,3937
3589132,121499,3937
3589132,125006,3937
3589132,127482,3937
3589132,133600,3937
3589132,134410,3937
3589132,135488,3937
3589132,137521,3937
3589132,137677,3937
3589132,140087,3937
3589132,146309,3937
3589241,74,3936
3589241,2634,3936
3589241,9835,3936
3589241,13489,3936
3589241,15271,3936
3589241,15548,3936
3589241,15936,3936
3589241,18859,3936
3589241,19378,3936
3589241,22268,3936
3589241,22441,3936
3589241,25955,3936
3589241,26494,3936
3589241,28295,3936
3589241,28468,3936
3589241,31166,3936
3589241,44871,3936
3589241,55839,3936
3589241,57485,3936
3589241,57968,3936
3589241,58960,3936
3589241,78937,3936
3589241,80969,3936
3589241,85106,3936
3589241,87355,3936
3589241,91711,3936
3589241,91916,3936
3589241,91923,3936
3589241,92828,3936
3589241,93971,3936
3589241,94658,3936
3589241,102004,3936
3589241,104086,3936
3589241,104623,3936
3589241,107215,3936
3589241,121921,3936
3589241,122690,3936
3589241,125732,3936
3589241,128713,3936
3589241,131941,3936
3589241,133565,3936
3589241,135154,3936
3589241,144832,3936
3589241,147577,3936
3589241,149282,3936
3589318,3710,3940
3589318,3819,3940
3589318,4867,3940
3589318,10422,3940
3589318,10542,3940
3589318,10642,3940
3589318,11270,3940
3589318,11531,3940
3589318,15473,3940
3589318,20908,3940
3589318,24464,3940
3589318,26188,3940
3589318,28382,3940
3589318,31624,3940
3589318,34038,3940
3589318,35599,3940
3589318,43984,3940
3589318,45355,3940
3589318,52714,3940
3589318,55218,3940
3589318,55791,3940
3589318,56002,3940
3589318,56945,3940
3589318,59803,3940
3589318,60452,3940
3589318,66219,3940
3589318,66629,3940
3589318,70561,3940
3589318,71336,3940
3589318,72214,3940
3589318,74412,3940
3589318,75319,3940
3589318,78892,3940
3589318,82293,3940
3589318,83321,3940
3589318,84360,3940
3589318,87271,3940
3589318,89735,3940
3589318,92861,3941
3589318,95814,3941
3589318,97089,3941
3589318,99206,3941
3589318,104429,3941
3589318,106654,3941
3589318,108216,3941
3589318,113216,3941
3589318,113778,3941
3589318,122240,3941
3589318,123556,3941
3589318,123689,3941
3589318,123843,3941
3589318,124139,3941
3589318,124149,3941
3589318,127300,3941
3589318,129965,3941
3589318,130501,3941
3589318,131120,3941
3589318,132623,3941
3589318,136379,3941
3589318,137583,3941
3589318,138039,3941
3589318,138976,3941
3589318,144548,3941
3589318,144681,3941
3589318,145764,3941
3589318,147938,3941
3589349,2622,3938
3589349,2655,3938
3589349,5881,3938
3589349,6275,3938
3589349,8255,3938
3589349,11403,3938
3589349,11763,3938
3589349,21454,3938
3589349,22719,3938
3589349,27535,3938
3589349,32545,3938
3589349,37521,3938
3589349,38322,3938
3589349,41641,3938
3589349,46289,3938
3589349,50688,3938
3589349,51681,3938
3589349,51849,3938
3589349,53806,3938
3589349,58386,3938
3589349,59463,3939
3589349,59832,3939
3589349,59989,3939
3589349,61098,3939
3589349,61389,3939
3589349,70523,3939
3589349,71362,3939
3589349,71911,3939
3589349,76723,3939
3589349,77560,3939
3589349,83563,3939
3589349,84234,3939
3589349,101939,3939
3589349,102326,3939
3589349,102404,3939
3589349,110888,3939
3589349,113205,3939
3589349,114386,3939
3589349,114866,3939
3589349,120336,3939
3589349,120811,3939
3589349,122203,3939
leaf721.txt
