leaf
3361751,94377,2901
3361751,95695,2901
3361751,98178,2901
3361751,100042,2901
3361751,101532,2901
3361751,104745,2901
3361751,104999,2901
3361751,107167,2901
3361751,111147,2901
3361751,115594,2901
3361751,117643,2901
3361751,118583,2901
3361751,119860,2901
3361751,121943,2901
3361751,128539,2901
3361751,128731,2901
3361751,129157,2901
3361751,129290,2901
3361751,130171,2901
3361751,130749,2901
3361751,133234,2901
3361751,138861,2901
3361751,141093,2901
3361751,145262,2901
3361751,147844,2901
3361753,1288,2900
3361753,5645,2900
3361753,7182,2900
3361753,13507,2900
3361753,15109,2900
3361753,15181,2900
3361753,18077,2900
3361753,18644,2900
3361753,24412,2900
3361753,24480,2900
3361753,27319,2900
3361753,28649,2900
3361753,31265,2900
3361753,32198,2900
3361753,38128,2900
3361753,40753,2900
3361753,42710,2900
3361753,47155,2900
3361753,47234,2900
3361753,48752,2900
3361753,53445,2900
3361753,56241,2900
3361753,58906,2900
3361753,62016,2900
3361753,62473,2900
3361753,68657,2900
3361753,69452,2900
3361753,70182,2900
3361753,76071,2900
3361753,76688,2900
3361753,82859,2900
3361753,85653,2900
3361753,86029,2900
3361753,95695,2900
3361753,99131,2900
3361753,101238,2900
3361753,104867,2900
3361753,114759,2900
3361753,119860,2900
3361753,129157,2900
3361753,130529,2900
3361753,130763,2900
3361753,140860,2900
3361753,141676,2900
3361753,142018,2900
3361753,145491,2900
3361795,1589,2896
3361795,7518,2896
3361795,13964,2896
3361795,16005,2896
3361795,18121,2896
3361795,21374,2896
3361795,22934,2896
3361795,23198,2896
3361795,23334,2897
3361795,33702,2897
3361795,38072,2897
3361795,38209,2897
3361795,40783,2897
3361795,43750,2897
3361795,47011,2897
3361795,50097,2897
3361795,51248,2897
3361795,56106,2897
3361795,62797,2897
3361795,63856,2897
3361795,70525,2897
3361795,74072,2897
3361795,74135,2897
3361795,78220,2897
3361795,78860,2897
3361795,87154,2897
3361795,90477,2897
3361795,96886,2897
3361795,96959,2897
3361795,99956,2897
3361795,105791,2897
3361795,108248,2897
3361795,110406,2897
3361795,112285,2897
3361795,113103,2897
3361795,115991,2897
3361795,119603,2897
3361795,119654,2897
3361795,126374,2897
3361795,126406,2897
3361795,128886,2897
3361795,130352,2897
3361795,134459,2897
3361795,137349,2897
3361795,137775,2897
3361795,139979,2897
3361795,143252,2897
3361795,144529,2897
3361795,148835,2897
3362734,2534,2901
3362734,29236,2901
3362734,31892,2901
3362734,39461,2901
3362734,51311,2901
3362734,59874,2901
3362734,61089,2901
3362734,73514,2901
3362734,87499,2901
3362734,93663,2901
3362734,95472,2901
3362734,95927,2901
3362734,105814,2901
3362734,119430,2901
3363026,419,2902
3363026,1217,2902
3363026,1804,2902
3363026,3725,2902
3363026,3946,2902
3363026,7900,2902
3363026,8308,2902
3363026,9265,2902
3363026,9929,2902
3363026,11337,2902
3363026,17954,2902
3363026,24264,2902
3363026,24632,2902
3363026,24649,2902
3363026,24750,2902
3363026,25775,2902
3363026,27869,2902
3363026,28675,2902
3363026,34129,2902
3363026,34240,2902
3363026,36454,2902
3363026,37163,2902
3363026,39924,2902
3363026,41125,2902
3363026,42013,2902
3363026,42055,2902
3363026,42646,2902
3363026,43729,2902
3363026,46647,2902
3363026,49624,2902
3363026,56116,2903
3363026,56230,2903
3363026,58405,2903
3363026,60015,2903
3363026,62153,2903
3363026,63753,2903
3363026,64029,2903
3363026,71507,2903
3363026,72450,2903
3363026,73540,2903
3363026,77601,2903
3363026,77730,2903
3363026,82621,2903
3363026,84928,2903
3363026,85408,2903
3363026,89698,2903
3363026,91914,2903
3363026,94752,2903
3363026,96144,2903
3363026,97644,2903
3363026,98705,2903
3363026,98900,2903
3363026,100196,2903
3363026,104946,2903
3363026,105459,2903
3363026,108893,2903
3363026,109616,2903
3363026,109969,2903
3363026,110487,2903
3363026,111678,2903
3363026,115787,2903
3363026,116312,2903
3363026,116590,2903
3363026,117642,2903
3363026,117977,2903
3363026,118900,2903
3363026,123209,2903
3363026,123716,2903
3363026,124648,2903
3363026,128563,2903
3363026,128787,2903
3363026,131791,2903
3363026,132439,2903
3363026,132899,2903
3363026,132981,2903
3363026,137685,2903
3363026,139670,2903
3363026,142703,2903
3363026,144603,2903
3363026,145396,2903
3363026,145473,2903
3363026,145490,2903
3363026,145986,2903
3363026,146589,2903
3363317,1316,2903
3363317,2204,2903
3363317,2510,2903
3363317,2708,2903
3363317,2990,2903
3363317,4406,2903
3363317,6678,2903
3363317,6838,2903
3363317,9556,2903
3363317,9897,2903
3363317,10185,2903
3363317,10812,2903
3363317,11600,2904
3363317,12891,2904
3363317,15293,2904
3363317,16148,2904
3363317,18802,2904
3363317,19723,2904
3363317,19851,2904
3363317,20446,2904
3363317,20872,2904
3363317,20924,2904
3363317,22044,2904
3363317,23308,2904
3363317,27311,2904
3363317,28190,2904
3363317,28383,2904
3363317,28684,2904
3363317,29027,2904
3363317,29343,2904
3363317,31244,2904
3363317,33799,2904
3363317,34261,2904
3363317,34306,2904
3363317,36258,2904
3363317,36532,2904
3363317,37445,2904
3363317,38235,2904
3363317,38333,2904
3363317,38520,2904
3363317,38944,2904
3363317,39157,2904
3363317,39907,2904
3363317,40253,2904
3363317,40656,2904
3363317,41003,2904
3363317,41075,2904
3363317,41726,2904
3363317,42008,2904
3363317,43439,2904
3363317,44099,2904
3363317,45635,2904
3363317,46373,2904
3363317,46664,2904
3363317,46916,2904
3363317,49480,2904
3363317,49595,2904
3363317,50482,2904
3363317,51130,2904
3363317,51322,2904
3363317,52119,2904
3363317,53174,2904
3363317,54449,2904
3363317,54588,2904
3363317,55838,2904
3363317,56362,2904
3363317,56836,2904
3363317,57079,2904
3363317,58045,2904
3363317,59073,2904
3363317,60216,2904
3363317,61072,2904
3363317,64520,2904
3363317,65142,2904
3363317,65155,2904
3363317,65768,2904
3363317,66894,2904
3363317,67994,2904
3363317,68778,2905
3363317,71766,2905
3363317,73844,2905
3363317,74310,2905
3363317,76389,2905
3363317,76592,2905
3363317,78646,2905
3363317,78843,2905
3363317,81599,2905
3363317,81741,2905
3363317,83238,2905
3363317,84894,2905
3363317,86593,2905
3363317,88115,2905
3363317,90161,2905
3363317,90672,2905
3363317,90930,2905
3363317,92174,2905
3363317,94042,2905
3363317,95536,2905
3363317,96775,2905
3363317,97983,2905
3363317,99865,2905
3363317,100863,2905
3363317,101014,2905
3363317,101041,2905
3363317,101435,2905
3363317,102043,2905
3363317,103228,2905
3363317,103463,2905
3363317,105459,2905
3363317,105925,2905
3363317,106133,2905
3363317,107332,2905
3363317,109533,2905
3363317,109550,2905
3363317,109614,2905
3363317,112982,2905
3363317,114407,2905
3363317,114526,2905
3363317,115377,2905
3363317,115623,2905
3363317,117111,2905
3363317,117487,2905
3363317,117791,2905
3363317,117799,2905
3363317,117900,2905
3363317,119497,2905
3363317,119698,2905
3363317,120089,2905
3363317,121127,2905
3363317,121139,2905
3363317,121589,2905
3363317,121754,2905
3363317,122332,2905
3363317,123334,2905
3363317,123514,2905
3363317,123995,2905
3363317,124569,2905
3363317,124673,2905
3363317,126296,2905
3363317,126856,2905
3363317,129390,2905
3363317,130400,2905
3363317,131511,2905
leaf532.txt
