leaf
2620209,45265,658
2620209,48734,658
2620209,49359,658
2620209,50272,658
2620209,50767,658
2620209,51500,658
2620209,54665,658
2620209,56465,658
2620209,59546,658
2620209,61694,658
2620209,64229,658
2620209,67583,658
2620209,72136,658
2620209,72589,658
2620209,80316,658
2620209,81332,658
2620209,95841,658
2620209,98962,658
2620209,100169,658
2620209,107075,658
2620209,111576,658
2620209,112196,658
2620209,113103,658
2620209,118858,658
2620209,119295,658
2620209,131357,658
2620209,138946,658
2620209,143803,658
2620209,144376,659
2620209,145034,659
2620209,145976,659
2620209,146286,659
2620209,147836,659
2620209,148822,659
2620275,3926,665
2620275,4502,665
2620275,10426,665
2620275,11817,665
2620275,12241,666
2620275,15093,666
2620275,15221,666
2620275,17292,666
2620275,17863,666
2620275,19968,666
2620275,23588,666
2620275,26792,666
2620275,30465,666
2620275,31784,666
2620275,35924,666
2620275,38587,666
2620275,41524,666
2620275,44455,666
2620275,50382,666
2620275,57678,666
2620275,60157,666
2620275,63095,666
2620275,81160,666
2620275,87361,666
2620275,88294,666
2620275,88792,666
2620275,90909,666
2620275,93540,666
2620275,94935,666
2620275,96356,666
2620275,97604,666
2620275,100370,666
2620275,105082,666
2620275,109992,666
2620275,112722,666
2620275,113975,666
2620275,118069,666
2620275,125344,666
2620275,125510,666
2620275,128761,666
2620275,129909,666
2620275,133386,666
2620275,138759,666
2620275,139494,666
2620275,140393,666
2620275,145959,666
2620275,147947,666
2620290,10953,659
2620290,11276,659
2620290,21524,659
2620290,21693,659
2620290,28605,659
2620290,29628,659
2620290,38773,659
2620290,40152,659
2620290,44922,659
2620290,48683,659
2620290,50455,659
2620290,54628,659
2620290,54727,659
2620290,54762,659
2620290,58323,659
2620290,59701,659
2620290,62672,659
2620290,66264,659
2620290,67421,659
2620290,72188,659
2620290,72694,659
2620290,78166,659
2620290,80540,659
2620290,83337,659
2620290,86455,659
2620290,87421,659
2620290,89469,659
2620290,90320,660
2620290,95967,660
2620290,102204,660
2620290,102292,660
2620290,106217,660
2620290,108747,660
2620290,115745,660
2620290,116892,660
2620290,119374,660
2620290,121760,660
2620290,125787,660
2620290,126298,660
2620290,132170,660
2620290,133087,660
2620290,134915,660
2620290,136521,660
2620290,137675,660
2620290,139598,660
2620290,143842,660
2620290,145199,660
2620290,147790,660
2620320,4888,661
2620320,5267,661
2620320,11834,661
2620320,12620,661
2620320,13369,661
2620320,16852,661
2620320,17881,661
2620320,18691,661
2620320,22143,661
2620320,24711,661
2620320,33927,661
2620320,34721,661
2620320,35574,661
2620320,36834,661
2620320,37796,661
2620320,41625,661
2620320,41700,661
2620320,42198,661
2620320,44682,661
2620320,47681,661
2620320,54641,661
2620320,62742,661
2620320,63685,661
2620320,64578,661
2620320,65612,661
2620320,67709,661
2620320,67738,661
2620320,69278,661
2620320,80556,661
2620320,83895,661
2620320,84313,661
2620320,91921,661
2620320,96441,661
2620320,97669,661
2620320,100848,661
2620320,105558,661
2620320,106826,661
2620320,112097,661
2620320,113866,661
2620320,116535,662
2620320,120478,662
2620320,128108,662
2620320,128447,662
2620320,130201,662
2620320,134985,662
2620320,137097,662
2620320,137340,662
2620320,138460,662
2620320,138881,662
2620320,145368,662
2620320,147462,662
2620320,148410,662
2620373,479,660
2620373,7063,660
2620373,7457,660
2620373,12448,660
2620373,14858,660
2620373,17244,660
2620373,17732,660
2620373,18057,660
2620373,20424,660
2620373,27097,660
2620373,40891,661
2620373,43734,661
2620373,53443,661
2620373,55493,661
2620373,59386,661
2620373,62105,661
2620373,62654,661
2620373,62716,661
2620373,64782,661
2620373,67492,661
2620373,72718,661
2620373,81697,661
2620373,95147,661
2620373,95842,661
2620373,96664,661
2620373,99062,661
2620373,99636,661
2620373,106318,661
2620373,106482,661
2620373,108046,661
2620373,114648,661
2620373,119910,661
2620373,132487,661
2620373,137356,661
2620373,143710,661
2620373,144940,661
2620373,147224,661
2620550,7657,659
2620550,7774,659
2620550,7807,659
2620550,14663,659
2620550,26851,659
2620550,30570,659
2620550,38223,659
2620550,40327,659
2620550,44106,659
2620550,46132,659
2620550,50335,659
2620550,55088,659
2620550,66587,659
2620550,74759,659
2620550,84081,659
2620550,84741,659
2620550,92336,659
2620550,94388,659
2620550,109299,659
2620550,109403,659
2620550,110198,659
2620550,110997,659
2620550,112791,659
2620550,114614,659
2620550,123090,659
2620550,123252,659
2620550,127025,659
2620550,129132,659
2620550,130951,659
2620550,133743,659
2620550,134220,659
2620550,143575,659
2620550,147610,659
2621374,13819,666
2621374,23181,666
2621374,25757,666
2621374,26814,666
2621374,40595,666
2621374,42003,666
2621374,46006,666
2621374,61284,666
2621374,71788,666
2621374,77150,666
2621374,79532,666
2621374,80332,666
2621374,108183,666
2621374,111858,666
2621374,120034,666
2621374,122267,666
2621374,127482,666
2621374,132129,666
2621374,133135,666
2621374,137365,666
2621374,146679,666
2621375,8436,666
2621375,10620,666
2621375,10870,667
2621375,11417,667
2621375,14249,667
2621375,14641,667
2621375,17697,667
2621375,20785,667
2621375,24881,667
2621375,26450,667
2621375,26941,667
2621375,27935,667
2621375,33670,667
2621375,34428,667
2621375,35088,667
2621375,35335,667
2621375,38742,667
2621375,39132,667
2621375,39567,667
2621375,40145,667
2621375,42237,667
2621375,44002,667
2621375,45326,667
2621375,45941,667
2621375,45964,667
2621375,46296,667
2621375,46812,667
2621375,47462,667
2621375,53677,667
2621375,53813,667
2621375,56161,667
2621375,56952,667
2621375,59155,667
2621375,60176,667
2621375,61032,667
2621375,61925,667
2621375,62486,667
2621375,64669,667
2621375,64689,667
2621375,67202,667
2621375,67457,667
2621375,67468,667
2621375,72663,667
2621375,75980,667
2621375,76345,667
2621375,78047,667
2621375,78844,667
2621375,80418,667
2621375,82406,667
2621375,87999,667
2621375,91956,667
2621375,101139,667
2621375,102950,667
2621375,103098,667
2621375,105132,667
2621375,106579,667
2621375,108501,667
2621375,114908,667
2621375,118692,667
2621375,118879,667
2621375,119378,667
2621375,122635,667
2621375,125512,667
2621375,126755,667
2621375,128730,667
2621375,130150,667
2621375,137432,667
2621375,138093,667
2621375,139647,668
2621375,140559,668
2621375,144414,668
2621375,144796,668
2621375,145277,668
2621375,145302,668
2621375,145545,668
2621375,147833,668
2622067,11806,674
2622067,12804,674
2622067,16513,674
2622067,16815,674
2622067,17298,674
2622067,21046,674
2622067,26232,674
2622067,32470,674
2622067,32691,674
2622067,32790,674
2622067,40478,674
2622067,42058,674
2622067,46880,674
leaf123.txt
