leaf
3269510,53359,2549
3269510,54284,2549
3269510,55780,2549
3269510,56125,2549
3269510,56677,2549
3269510,56828,2549
3269510,57353,2549
3269510,59007,2549
3269510,59462,2549
3269510,62056,2549
3269510,62104,2549
3269510,64447,2549
3269510,65566,2549
3269510,65955,2549
3269510,66114,2549
3269510,67595,2549
3269510,68643,2549
3269510,70310,2549
3269510,70885,2549
3269510,72225,2549
3269510,72357,2549
3269510,72575,2549
3269510,73110,2549
3269510,74226,2549
3269510,74738,2549
3269510,75411,2549
3269510,78455,2549
3269510,81080,2549
3269510,81710,2549
3269510,82753,2549
3269510,82950,2549
3269510,83003,2549
3269510,84681,2549
3269510,84768,2549
3269510,86113,2549
3269510,86809,2549
3269510,88159,2549
3269510,92276,2549
3269510,96275,2549
3269510,96764,2549
3269510,96860,2549
3269510,96873,2549
3269510,97503,2549
3269510,99847,2549
3269510,102021,2549
3269510,103510,2549
3269510,104727,2549
3269510,104776,2549
3269510,104834,2549
3269510,105278,2549
3269510,105498,2549
3269510,106403,2549
3269510,108197,2549
3269510,109425,2550
3269510,109915,2550
3269510,110197,2550
3269510,111121,2550
3269510,113187,2550
3269510,113319,2550
3269510,114525,2550
3269510,114571,2550
3269510,115280,2550
3269510,115475,2550
3269510,115522,2550
3269510,116205,2550
3269510,116417,2550
3269510,117293,2550
3269510,117905,2550
3269510,118212,2550
3269510,118843,2550
3269510,118892,2550
3269510,118990,2550
3269510,119311,2550
3269510,119460,2550
3269510,121421,2550
3269510,122864,2550
3269510,123521,2550
3269510,124946,2550
3269510,125668,2550
3269510,126286,2550
3269510,126333,2550
3269510,126649,2550
3269510,127927,2550
3269510,130428,2550
3269510,131909,2550
3269510,132834,2550
3269510,133291,2550
3269510,135040,2550
3269510,137209,2550
3269510,139458,2550
3269510,141301,2550
3269510,141541,2550
3269510,143062,2550
3269510,144206,2550
3269510,144487,2550
3269510,145372,2550
3269510,146661,2550
3269510,148463,2550
3270033,377,2551
3270033,1828,2551
3270033,3100,2551
3270033,3166,2551
3270033,5002,2551
3270033,7066,2551
3270033,10602,2551
3270033,14890,2551
3270033,15714,2551
3270033,19327,2551
3270033,22079,2551
3270033,26664,2551
3270033,27619,2551
3270033,30666,2551
3270033,37911,2551
3270033,38326,2551
3270033,38485,2551
3270033,38491,2551
3270033,40097,2551
3270033,40206,2551
3270033,43000,2551
3270033,45902,2551
3270033,48183,2551
3270033,50036,2551
3270033,50416,2551
3270033,53429,2551
3270033,55484,2551
3270033,60938,2551
3270033,66748,2551
3270033,66782,2551
3270033,68788,2551
3270033,72102,2551
3270033,72495,2551
3270033,76867,2551
3270033,79912,2551
3270033,82793,2551
3270033,90930,2551
3270033,99861,2551
3270033,100481,2551
3270033,104702,2551
3270033,109836,2551
3270033,110690,2552
3270033,112309,2552
3270033,119445,2552
3270033,124037,2552
3270033,127933,2552
3270033,128976,2552
3270033,130115,2552
3270033,130889,2552
3270033,132745,2552
3270033,137193,2552
3270033,138839,2552
3270033,144637,2552
3271075,1416,2555
3271075,2168,2555
3271075,2447,2555
3271075,3348,2555
3271075,6892,2555
3271075,9761,2555
3271075,11651,2555
3271075,14344,2555
3271075,15814,2555
3271075,15915,2555
3271075,17882,2555
3271075,19653,2555
3271075,21233,2555
3271075,23273,2555
3271075,23709,2555
3271075,24801,2555
3271075,28483,2555
3271075,30322,2555
3271075,31430,2555
3271075,31611,2555
3271075,32139,2555
3271075,32798,2555
3271075,34229,2555
3271075,34855,2555
3271075,36152,2555
3271075,39871,2555
3271075,40537,2555
3271075,41517,2555
3271075,51727,2556
3271075,55449,2556
3271075,59362,2556
3271075,60093,2556
3271075,61155,2556
3271075,65622,2556
3271075,65824,2556
3271075,66177,2556
3271075,71850,2556
3271075,74218,2556
3271075,76589,2556
3271075,77721,2556
3271075,77853,2556
3271075,81066,2556
3271075,83797,2556
3271075,85681,2556
3271075,89538,2556
3271075,90373,2556
3271075,90830,2556
3271075,91244,2556
3271075,93701,2556
3271075,94918,2556
3271075,100121,2556
3271075,105934,2556
3271075,106085,2556
3271075,109197,2556
3271075,110898,2556
3271075,111803,2556
3271075,112637,2556
3271075,112773,2556
3271075,118363,2556
3271075,119995,2556
3271075,129809,2556
3271075,133310,2556
3271075,134032,2556
3271075,135494,2556
3271075,143398,2556
3271075,144602,2556
3271075,144929,2556
3271075,147104,2556
3271075,147874,2556
3271077,1231,2558
3271077,1366,2558
3271077,1387,2558
3271077,1416,2558
3271077,2542,2558
3271077,2926,2558
3271077,4096,2558
3271077,5990,2558
3271077,6681,2558
3271077,7497,2558
3271077,8651,2558
3271077,14206,2558
3271077,20026,2558
3271077,20430,2558
3271077,20664,2558
3271077,22813,2558
3271077,23682,2558
3271077,23824,2558
3271077,23979,2558
3271077,24267,2558
3271077,26898,2558
3271077,28146,2558
3271077,37469,2558
3271077,37647,2558
3271077,45165,2558
3271077,46473,2558
3271077,50988,2558
3271077,51633,2558
3271077,57072,2558
3271077,58456,2558
3271077,58823,2558
3271077,59284,2558
3271077,63195,2558
3271077,64210,2558
3271077,65744,2558
3271077,66123,2558
3271077,67194,2558
3271077,67892,2558
3271077,68730,2558
3271077,71889,2558
3271077,74218,2558
3271077,74960,2558
3271077,75736,2558
3271077,77111,2558
3271077,77853,2558
3271077,78337,2558
3271077,79050,2558
3271077,81369,2558
3271077,83797,2558
3271077,84062,2558
3271077,84598,2558
3271077,87917,2558
3271077,91285,2558
3271077,93466,2558
3271077,93701,2559
3271077,96040,2559
3271077,99973,2559
3271077,100524,2559
3271077,102799,2559
3271077,104031,2559
3271077,104243,2559
3271077,108248,2559
3271077,109186,2559
3271077,110132,2559
3271077,110898,2559
3271077,111958,2559
3271077,112162,2559
3271077,112510,2559
3271077,114424,2559
3271077,116169,2559
3271077,116456,2559
3271077,126051,2559
3271077,127520,2559
3271077,129533,2559
3271077,129647,2559
3271077,129925,2559
3271077,134724,2559
3271077,136341,2559
3271077,136680,2559
3271077,138629,2559
3271077,139355,2559
3271077,143226,2559
3271077,144213,2559
3271077,145089,2559
3271077,145835,2559
3271077,147874,2559
3271077,149045,2559
3271140,5970,2552
3271140,7121,2552
3271140,7738,2552
3271140,8205,2552
3271140,11127,2552
3271140,11983,2552
3271140,13275,2552
3271140,15152,2552
3271140,17732,2552
3271140,17843,2552
3271140,21930,2552
3271140,22119,2552
3271140,25265,2552
3271140,30303,2552
3271140,30459,2552
3271140,32640,2552
3271140,33131,2552
3271140,36510,2552
3271140,38083,2552
3271140,44282,2552
3271140,44704,2552
3271140,49160,2552
3271140,53139,2552
3271140,59318,2552
3271140,59972,2552
3271140,63009,2552
3271140,63387,2552
3271140,64412,2552
3271140,67599,2552
3271140,70094,2552
3271140,72002,2552
3271140,84216,2552
3271140,90475,2552
3271140,94649,2552
3271140,96413,2552
3271140,96669,2552
3271140,98822,2552
3271140,101326,2552
3271140,104768,2552
3271140,107932,2552
3271140,109158,2552
3271140,114843,2552
3271140,118823,2552
3271140,127588,2552
3271140,129812,2552
3271140,133875,2552
3271140,135618,2552
3271140,137745,2552
3271140,140841,2552
3271140,141383,2552
3271140,143943,2552
3271140,145174,2552
3271469,4158,2552
3271469,6578,2552
leaf468.txt
