leaf
2718423,122394,928
2718423,124996,928
2718423,130316,928
2718423,130855,928
2718423,132793,928
2718423,133975,928
2718423,134236,928
2718423,134401,928
2718423,134526,928
2718423,140401,928
2718423,142764,928
2718423,143467,928
2718423,145050,928
2718423,146761,928
2718477,1876,925
2718477,1951,925
2718477,2340,925
2718477,2573,925
2718477,9547,925
2718477,9559,925
2718477,9669,925
2718477,9883,925
2718477,12011,925
2718477,13391,925
2718477,27065,925
2718477,27440,925
2718477,28689,925
2718477,31968,925
2718477,34678,925
2718477,34802,925
2718477,38000,925
2718477,38104,925
2718477,39044,925
2718477,41170,925
2718477,41944,925
2718477,43515,925
2718477,46054,925
2718477,48433,926
2718477,51855,926
2718477,53225,926
2718477,56941,926
2718477,61170,926
2718477,67663,926
2718477,67814,926
2718477,75966,926
2718477,76515,926
2718477,80160,926
2718477,81331,926
2718477,83444,926
2718477,87281,926
2718477,88084,926
2718477,88219,926
2718477,92221,926
2718477,94137,926
2718477,98520,926
2718477,100334,926
2718477,101176,926
2718477,102210,926
2718477,104387,926
2718477,106270,926
2718477,106742,926
2718477,108347,926
2718477,112677,926
2718477,113592,926
2718477,119608,926
2718477,123473,926
2718477,126323,926
2718477,128915,926
2718477,131029,926
2718477,137628,926
2718477,138719,926
2718477,142276,926
2718477,146100,926
2718477,147714,926
2718613,3202,924
2718613,10263,924
2718613,12429,924
2718613,15228,924
2718613,16740,924
2718613,31435,924
2718613,31949,925
2718613,33958,925
2718613,34697,925
2718613,38237,925
2718613,45346,925
2718613,46876,925
2718613,47325,925
2718613,47943,925
2718613,48279,925
2718613,48551,925
2718613,48956,925
2718613,53996,925
2718613,68962,925
2718613,71946,925
2718613,72498,925
2718613,76440,925
2718613,80197,925
2718613,82942,925
2718613,86583,925
2718613,86666,925
2718613,88917,925
2718613,89598,925
2718613,91232,925
2718613,91491,925
2718613,93028,925
2718613,93678,925
2718613,101723,925
2718613,102677,925
2718613,110151,925
2718613,111046,925
2718613,113406,925
2718613,117106,925
2718613,118407,925
2718613,121277,925
2718613,126143,925
2718613,129116,925
2718613,132089,925
2718613,133227,925
2718613,138242,925
2718613,143875,925
2718613,144077,925
2718613,145350,925
2718613,147841,925
2718753,628,926
2718753,8414,926
2718753,9360,926
2718753,10351,926
2718753,12432,926
2718753,12526,926
2718753,15821,926
2718753,16677,926
2718753,18503,926
2718753,21554,926
2718753,23105,926
2718753,24836,926
2718753,32382,926
2718753,35877,926
2718753,36724,926
2718753,37089,926
2718753,37645,926
2718753,43281,926
2718753,45465,926
2718753,50177,926
2718753,53384,926
2718753,54842,926
2718753,54846,926
2718753,58240,926
2718753,58785,926
2718753,59191,926
2718753,59448,926
2718753,61168,926
2718753,62788,926
2718753,62998,927
2718753,65138,927
2718753,66552,927
2718753,68191,927
2718753,70956,927
2718753,72127,927
2718753,73574,927
2718753,78715,927
2718753,80571,927
2718753,81002,927
2718753,81502,927
2718753,84588,927
2718753,86033,927
2718753,86252,927
2718753,88113,927
2718753,92544,927
2718753,92991,927
2718753,94078,927
2718753,98085,927
2718753,99106,927
2718753,99681,927
2718753,100709,927
2718753,101270,927
2718753,104427,927
2718753,104726,927
2718753,104770,927
2718753,107004,927
2718753,107764,927
2718753,113456,927
2718753,115574,927
2718753,116922,927
2718753,117368,927
2718753,119488,927
2718753,122458,927
2718753,128143,927
2718753,129331,927
2718753,130301,927
2718753,130712,927
2718753,131302,927
2718753,134637,927
2718753,138117,927
2718753,138946,927
2718753,143925,927
2718753,145234,927
2718753,145392,927
2718753,145517,927
2719934,1763,928
2719934,3363,928
2719934,5166,928
2719934,6397,928
2719934,9954,928
2719934,10277,928
2719934,11009,928
2719934,11612,928
2719934,15424,928
2719934,16427,928
2719934,16579,928
2719934,17559,928
2719934,19419,928
2719934,23180,928
2719934,25197,928
2719934,25355,928
2719934,26258,928
2719934,31153,928
2719934,31990,928
2719934,33832,928
2719934,35287,928
2719934,36206,928
2719934,36526,928
2719934,37125,928
2719934,37682,928
2719934,40891,928
2719934,43708,928
2719934,44202,928
2719934,44516,928
2719934,45079,928
2719934,47059,928
2719934,47140,928
2719934,47453,928
2719934,48204,928
2719934,50325,928
2719934,54462,928
2719934,54671,928
2719934,55016,928
2719934,55799,928
2719934,59825,928
2719934,60405,929
2719934,60876,929
2719934,64323,929
2719934,65172,929
2719934,67427,929
2719934,68459,929
2719934,69514,929
2719934,71361,929
2719934,72672,929
2719934,72718,929
2719934,73111,929
2719934,74081,929
2719934,77268,929
2719934,77852,929
2719934,81304,929
2719934,82011,929
2719934,82266,929
2719934,83185,929
2719934,83352,929
2719934,83483,929
2719934,83682,929
2719934,85943,929
2719934,89388,929
2719934,90063,929
2719934,91342,929
2719934,91439,929
2719934,93523,929
2719934,95623,929
2719934,99469,929
2719934,100023,929
2719934,100256,929
2719934,101347,929
2719934,101669,929
2719934,101963,929
2719934,104641,929
2719934,105081,929
2719934,105249,929
2719934,106615,929
2719934,106940,929
2719934,107121,929
2719934,107568,929
2719934,109069,929
2719934,110080,929
2719934,110491,929
2719934,111000,929
2719934,114007,929
2719934,115308,929
2719934,116441,929
2719934,119029,929
2719934,119430,929
2719934,119922,929
2719934,120807,929
2719934,121059,929
2719934,124910,929
2719934,125356,929
2719934,125679,929
2719934,126697,929
2719934,128522,929
2719934,130859,929
2719934,131404,929
2719934,131598,929
2719934,132999,929
2719934,133873,929
2719934,140867,929
2719934,142370,929
2719934,142827,929
2719934,144723,930
2719934,148128,930
2719934,148449,930
2719934,148831,930
2720183,5859,936
2720183,9903,936
2720183,11324,936
2720183,14376,936
2720183,15497,936
2720183,21947,936
2720183,40295,936
2720183,43511,936
2720183,62299,936
2720183,62834,936
2720183,66002,936
2720183,69392,936
2720183,77069,936
2720183,88082,936
2720183,88508,936
2720183,99760,936
2720183,100043,936
2720183,103614,936
2720183,128483,936
2720328,1517,934
2720328,10541,934
2720328,11033,934
2720328,11091,934
2720328,11600,934
2720328,12821,934
2720328,12915,934
2720328,21337,934
2720328,22974,934
2720328,24169,934
2720328,25635,934
2720328,29852,934
2720328,30092,934
2720328,30986,934
2720328,32847,935
2720328,33381,935
2720328,35816,935
2720328,37012,935
2720328,38198,935
2720328,38899,935
2720328,39157,935
2720328,40250,935
2720328,41400,935
2720328,41840,935
2720328,44998,935
2720328,45326,935
2720328,48685,935
2720328,53687,935
2720328,58540,935
2720328,58932,935
2720328,59073,935
2720328,59594,935
2720328,60216,935
2720328,63975,935
leaf171.txt
