leaf
2891686,41073,1487
2891686,55821,1487
2891686,55837,1487
2891686,56648,1487
2891686,57388,1487
2891686,58626,1487
2891686,60507,1487
2891686,63976,1487
2891686,70697,1487
2891686,71157,1487
2891686,78028,1487
2891686,78278,1487
2891686,81184,1487
2891686,82972,1487
2891686,83686,1487
2891686,91412,1487
2891686,91573,1487
2891686,93701,1487
2891686,100627,1487
2891686,105410,1487
2891686,111478,1487
2891686,114586,1487
2891686,115837,1488
2891686,123316,1488
2891686,124830,1488
2891686,126634,1488
2891686,128238,1488
2891686,134145,1488
2891686,139078,1488
2891686,139874,1488
2891686,144716,1488
2892149,1890,1494
2892149,2794,1494
2892149,5282,1494
2892149,6118,1494
2892149,9390,1494
2892149,10999,1494
2892149,12624,1494
2892149,12714,1494
2892149,15099,1494
2892149,17676,1494
2892149,27945,1494
2892149,27996,1494
2892149,30614,1494
2892149,30631,1494
2892149,35410,1494
2892149,36802,1494
2892149,37550,1494
2892149,38554,1494
2892149,40036,1494
2892149,43818,1495
2892149,44535,1495
2892149,44721,1495
2892149,44998,1495
2892149,45450,1495
2892149,47250,1495
2892149,48707,1495
2892149,54840,1495
2892149,58200,1495
2892149,59431,1495
2892149,64747,1495
2892149,65553,1495
2892149,69271,1495
2892149,80785,1495
2892149,83458,1495
2892149,84456,1495
2892149,92201,1495
2892149,92226,1495
2892149,94281,1495
2892149,96146,1495
2892149,101587,1495
2892149,103532,1495
2892149,104904,1495
2892149,105502,1495
2892149,109306,1495
2892149,110324,1495
2892149,110526,1495
2892149,115459,1495
2892149,115709,1495
2892149,115903,1495
2892149,117691,1495
2892149,134652,1495
2892149,136261,1495
2892149,138887,1495
2892149,138946,1495
2892149,140602,1495
2892149,142782,1495
2892149,144613,1495
2892149,145560,1495
2892364,1289,1495
2892364,5816,1495
2892364,7611,1495
2892364,10580,1495
2892364,11152,1495
2892364,11443,1495
2892364,12604,1495
2892364,13657,1495
2892364,15201,1495
2892364,17013,1495
2892364,17255,1495
2892364,18589,1495
2892364,18602,1495
2892364,18997,1495
2892364,20156,1495
2892364,22858,1495
2892364,24128,1495
2892364,25279,1495
2892364,36645,1495
2892364,38151,1495
2892364,39472,1495
2892364,40497,1495
2892364,41588,1495
2892364,46578,1495
2892364,47013,1495
2892364,49855,1495
2892364,50662,1495
2892364,50686,1496
2892364,52690,1496
2892364,53126,1496
2892364,54395,1496
2892364,54609,1496
2892364,60414,1496
2892364,64652,1496
2892364,65823,1496
2892364,67079,1496
2892364,72642,1496
2892364,77227,1496
2892364,79280,1496
2892364,79449,1496
2892364,81476,1496
2892364,81847,1496
2892364,82615,1496
2892364,82746,1496
2892364,83242,1496
2892364,83508,1496
2892364,84576,1496
2892364,85260,1496
2892364,87586,1496
2892364,88532,1496
2892364,91445,1496
2892364,96870,1496
2892364,101206,1496
2892364,102348,1496
2892364,106863,1496
2892364,107944,1496
2892364,108502,1496
2892364,108547,1496
2892364,109384,1496
2892364,109899,1496
2892364,110079,1496
2892364,110296,1496
2892364,112757,1496
2892364,113607,1496
2892364,113764,1496
2892364,117870,1496
2892364,118060,1496
2892364,119940,1496
2892364,120172,1496
2892364,120726,1496
2892364,120885,1496
2892364,121394,1496
2892364,121509,1496
2892364,123421,1496
2892364,125458,1496
2892364,125791,1496
2892364,128629,1496
2892364,128669,1496
2892364,131829,1496
2892364,132519,1496
2892364,134253,1496
2892364,136178,1496
2892364,138096,1496
2892364,138750,1496
2892364,139442,1496
2892364,140069,1496
2892364,141388,1496
2892364,143795,1496
2892364,145821,1496
2892364,148441,1496
2893131,2551,1499
2893131,3600,1499
2893131,4097,1499
2893131,4540,1499
2893131,5804,1499
2893131,5837,1499
2893131,5909,1499
2893131,10178,1499
2893131,11875,1499
2893131,12974,1499
2893131,15078,1499
2893131,19759,1499
2893131,19819,1499
2893131,20710,1499
2893131,21238,1499
2893131,22823,1499
2893131,23421,1499
2893131,25250,1499
2893131,28994,1499
2893131,32959,1499
2893131,33228,1499
2893131,34002,1499
2893131,36687,1499
2893131,37423,1499
2893131,43680,1499
2893131,45013,1499
2893131,46961,1499
2893131,50450,1499
2893131,51255,1499
2893131,51623,1499
2893131,54233,1499
2893131,56489,1499
2893131,60718,1499
2893131,61429,1499
2893131,61546,1499
2893131,65604,1499
2893131,68505,1499
2893131,68811,1499
2893131,69602,1499
2893131,70779,1499
2893131,72049,1499
2893131,72752,1499
2893131,73471,1499
2893131,74204,1499
2893131,77393,1499
2893131,78315,1499
2893131,81092,1499
2893131,88242,1499
2893131,89636,1499
2893131,89843,1499
2893131,90348,1499
2893131,91048,1499
2893131,92424,1499
2893131,93715,1499
2893131,95826,1499
2893131,98256,1500
2893131,98714,1500
2893131,100757,1500
2893131,101932,1500
2893131,104807,1500
2893131,105074,1500
2893131,107370,1500
2893131,112148,1500
2893131,113053,1500
2893131,116584,1500
2893131,120764,1500
2893131,121402,1500
2893131,122255,1500
2893131,123430,1500
2893131,124489,1500
2893131,125932,1500
2893131,126053,1500
2893131,126785,1500
2893131,130824,1500
2893131,132473,1500
2893131,132895,1500
2893131,134286,1500
2893131,135532,1500
2893131,136653,1500
2893131,141727,1500
2893131,147427,1500
2893131,148051,1500
2893131,148510,1500
2893150,4823,1496
2893150,5933,1496
2893150,6840,1496
2893150,8446,1497
2893150,9570,1497
2893150,10284,1497
2893150,10417,1497
2893150,13702,1497
2893150,18997,1497
2893150,23307,1497
2893150,24188,1497
2893150,25075,1497
2893150,26631,1497
2893150,27113,1497
2893150,29176,1497
2893150,32198,1497
2893150,33128,1497
2893150,35747,1497
2893150,37595,1497
2893150,37953,1497
2893150,42133,1497
2893150,42237,1497
2893150,44923,1497
2893150,47551,1497
2893150,53881,1497
2893150,56003,1497
2893150,61583,1497
2893150,63546,1497
2893150,65835,1497
2893150,65996,1497
2893150,68934,1497
2893150,69427,1497
2893150,77818,1497
2893150,83408,1497
2893150,88383,1497
2893150,90051,1497
2893150,92394,1497
2893150,92493,1497
2893150,93626,1497
2893150,94452,1497
2893150,95263,1497
2893150,96122,1497
2893150,99894,1497
2893150,100806,1497
2893150,100900,1497
2893150,100956,1497
2893150,102271,1497
2893150,102595,1497
2893150,106000,1497
2893150,109473,1497
2893150,110245,1497
2893150,111072,1497
2893150,113446,1497
2893150,114785,1497
2893150,115495,1497
2893150,116016,1497
2893150,117813,1497
2893150,119744,1497
2893150,123268,1497
2893150,123828,1497
2893150,124091,1497
2893150,124391,1497
2893150,124911,1497
2893150,125691,1497
2893150,129287,1497
2893150,132982,1497
2893150,138627,1497
2893150,138748,1497
2893150,139934,1497
2893150,140471,1498
2893150,141375,1498
2893150,145387,1498
2893150,146702,1498
2893150,147073,1498
2893150,148955,1498
2893650,1630,1498
2893650,5855,1498
2893650,6532,1498
2893650,8770,1498
2893650,11169,1498
2893650,11912,1498
2893650,11974,1498
2893650,12925,1498
2893650,16123,1498
2893650,16162,1498
2893650,17275,1498
2893650,19665,1498
2893650,19873,1498
2893650,20262,1498
2893650,21128,1498
2893650,21566,1498
2893650,23974,1498
2893650,29387,1498
2893650,32341,1498
2893650,38516,1498
2893650,45079,1498
2893650,45902,1498
2893650,47566,1498
2893650,51667,1498
leaf275.txt
