leaf
2683992,53086,826
2683992,55404,826
2683992,56721,826
2683992,60489,826
2683992,61102,826
2683992,61221,826
2683992,63602,826
2683992,64329,826
2683992,64460,826
2683992,67099,826
2683992,67380,826
2683992,67833,826
2683992,68369,826
2683992,69404,826
2683992,70491,826
2683992,70836,826
2683992,71751,826
2683992,72012,826
2683992,75865,826
2683992,78290,826
2683992,78323,826
2683992,79743,826
2683992,81815,826
2683992,85745,826
2683992,85961,826
2683992,86718,826
2683992,88227,826
2683992,88995,826
2683992,91487,826
2683992,92130,826
2683992,92779,826
2683992,95204,826
2683992,95923,826
2683992,97519,826
2683992,98120,826
2683992,98753,826
2683992,102199,827
2683992,103249,827
2683992,104806,827
2683992,105181,827
2683992,106271,827
2683992,106348,827
2683992,106769,827
2683992,107212,827
2683992,115772,827
2683992,116771,827
2683992,119110,827
2683992,122895,827
2683992,123265,827
2683992,123431,827
2683992,125349,827
2683992,126094,827
2683992,126603,827
2683992,128815,827
2683992,129765,827
2683992,133795,827
2683992,134437,827
2683992,134627,827
2683992,136512,827
2683992,137135,827
2683992,138590,827
2683992,143984,827
2683992,144496,827
2683992,146783,827
2683992,147317,827
2684469,10418,828
2684469,10581,828
2684469,15991,828
2684469,17976,828
2684469,21252,828
2684469,35307,828
2684469,39500,828
2684469,58888,828
2684469,61186,828
2684469,62796,828
2684469,67993,828
2684469,68109,829
2684469,71427,829
2684469,74180,829
2684469,78949,829
2684469,80280,829
2684469,80847,829
2684469,89063,829
2684469,91036,829
2684469,97264,829
2684469,111828,829
2684469,128354,829
2684469,135867,829
2684469,137313,829
2684469,145316,829
2684802,332,827
2684802,3496,827
2684802,3873,827
2684802,4960,827
2684802,8878,827
2684802,12837,828
2684802,13476,828
2684802,15751,828
2684802,18160,828
2684802,21532,828
2684802,28148,828
2684802,29321,828
2684802,30874,828
2684802,37183,828
2684802,37942,828
2684802,41376,828
2684802,42349,828
2684802,42621,828
2684802,42956,828
2684802,44608,828
2684802,45712,828
2684802,50574,828
2684802,51345,828
2684802,54788,828
2684802,58363,828
2684802,61278,828
2684802,62221,828
2684802,62798,828
2684802,64401,828
2684802,65213,828
2684802,65274,828
2684802,66394,828
2684802,70331,828
2684802,72219,828
2684802,73048,828
2684802,74311,828
2684802,77989,828
2684802,80319,828
2684802,85590,828
2684802,87843,828
2684802,92986,828
2684802,94032,828
2684802,95190,828
2684802,98511,828
2684802,103367,828
2684802,105341,828
2684802,109986,828
2684802,112015,828
2684802,113526,828
2684802,117397,828
2684802,119459,828
2684802,127502,828
2684802,130481,828
2684802,130799,828
2684802,140926,828
2684802,141554,828
2684802,142511,828
2684802,144503,828
2684802,145354,828
2684802,148712,828
2685067,1138,829
2685067,3092,829
2685067,4772,829
2685067,5482,829
2685067,5628,829
2685067,5633,829
2685067,9260,829
2685067,9659,829
2685067,10442,829
2685067,13884,829
2685067,20281,829
2685067,22694,829
2685067,25189,829
2685067,25234,829
2685067,31501,829
2685067,33336,829
2685067,34914,829
2685067,34927,829
2685067,35485,829
2685067,36357,829
2685067,38452,829
2685067,39418,829
2685067,40824,829
2685067,41972,829
2685067,42330,829
2685067,45387,829
2685067,45864,829
2685067,48409,829
2685067,50859,829
2685067,54302,829
2685067,56453,829
2685067,57672,829
2685067,57710,829
2685067,59599,829
2685067,65195,829
2685067,65837,829
2685067,66688,829
2685067,69247,829
2685067,71657,829
2685067,74208,829
2685067,75445,829
2685067,75633,829
2685067,76611,829
2685067,79191,829
2685067,79899,829
2685067,80298,829
2685067,85046,829
2685067,86793,829
2685067,86848,829
2685067,93454,829
2685067,93829,829
2685067,94866,829
2685067,95613,830
2685067,97398,830
2685067,99207,830
2685067,103284,830
2685067,104119,830
2685067,106735,830
2685067,110248,830
2685067,111901,830
2685067,113383,830
2685067,114334,830
2685067,115979,830
2685067,117707,830
2685067,119033,830
2685067,119442,830
2685067,123693,830
2685067,125130,830
2685067,125833,830
2685067,131519,830
2685067,132297,830
2685067,136958,830
2685067,138923,830
2685067,140245,830
2685067,142418,830
2685067,142936,830
2685067,142984,830
2685067,143716,830
2685067,145669,830
2685067,145965,830
2685067,146711,830
2685067,148595,830
2685204,30,831
2685204,1012,831
2685204,1488,831
2685204,1940,831
2685204,2506,831
2685204,2969,831
2685204,7539,831
2685204,7634,831
2685204,9220,831
2685204,9815,831
2685204,10537,831
2685204,10650,831
2685204,20026,831
2685204,22435,831
2685204,22995,831
2685204,25381,831
2685204,32469,831
2685204,32755,831
2685204,35570,831
2685204,41875,831
2685204,41990,831
2685204,42401,831
2685204,43123,831
2685204,46817,831
2685204,48007,831
2685204,49816,831
2685204,50818,831
2685204,53685,831
2685204,54967,831
2685204,55482,831
2685204,57012,831
2685204,64429,831
2685204,65384,831
2685204,66092,831
2685204,66101,831
2685204,66415,831
2685204,67270,831
2685204,69299,831
2685204,70473,831
2685204,71491,831
2685204,74155,831
2685204,77830,831
2685204,78752,831
2685204,84930,831
2685204,85024,831
2685204,86496,831
2685204,86846,831
2685204,86954,831
2685204,95095,831
2685204,95884,831
2685204,99779,831
2685204,104022,831
2685204,107711,831
2685204,108925,831
2685204,108930,831
2685204,111437,831
2685204,113486,831
2685204,114846,831
2685204,119652,831
2685204,122390,832
2685204,123138,832
2685204,127091,832
2685204,129647,832
2685204,130143,832
2685204,140302,832
2685204,143483,832
2685204,144094,832
2685204,144921,832
2685204,147700,832
2685204,148331,832
2685204,148760,832
2685243,45,830
2685243,2039,830
2685243,3000,830
2685243,3271,830
2685243,6631,830
2685243,9549,830
2685243,10563,830
2685243,14081,830
2685243,14609,830
2685243,14688,830
2685243,18213,830
2685243,19721,830
2685243,22021,830
2685243,27029,830
2685243,31448,830
2685243,33017,830
2685243,33661,830
2685243,39667,830
2685243,41144,830
2685243,45242,830
2685243,57547,830
2685243,58713,830
2685243,59785,830
2685243,64154,830
2685243,64240,830
2685243,66326,830
2685243,66820,830
2685243,70751,830
2685243,71049,830
2685243,77113,830
2685243,78655,830
2685243,87833,830
2685243,91645,830
2685243,94167,830
2685243,96786,830
2685243,105920,830
2685243,109819,831
2685243,110050,831
2685243,117438,831
2685243,123606,831
2685243,141280,831
2685243,142191,831
2685243,145309,831
2685532,5613,833
2685532,9787,833
2685532,10752,833
2685532,11940,833
2685532,12587,833
2685532,13573,833
2685532,14327,833
2685532,20212,833
2685532,20387,833
2685532,22323,833
2685532,24725,833
2685532,27797,833
2685532,29899,833
2685532,30210,833
2685532,31419,833
leaf153.txt
