leaf
3363317,132519,2905
3363317,134903,2906
3363317,137066,2906
3363317,138002,2906
3363317,138489,2906
3363317,141286,2906
3363317,141775,2906
3363317,142695,2906
3363317,143016,2906
3363317,144315,2906
3363317,144637,2906
3363317,145332,2906
3363317,146449,2906
3363317,146542,2906
3363317,146655,2906
3363318,1140,2906
3363318,1687,2906
3363318,3359,2906
3363318,3599,2906
3363318,4126,2906
3363318,4726,2906
3363318,4983,2906
3363318,5164,2906
3363318,6838,2906
3363318,8143,2906
3363318,8207,2906
3363318,8574,2906
3363318,9061,2906
3363318,9289,2906
3363318,9556,2906
3363318,10056,2906
3363318,10613,2906
3363318,10670,2906
3363318,10805,2906
3363318,11033,2906
3363318,11149,2906
3363318,11600,2906
3363318,11812,2906
3363318,12658,2906
3363318,13826,2906
3363318,14017,2906
3363318,14706,2906
3363318,16002,2906
3363318,16692,2906
3363318,17849,2906
3363318,18171,2906
3363318,18540,2906
3363318,18710,2906
3363318,19017,2906
3363318,19832,2906
3363318,19978,2906
3363318,20872,2906
3363318,21009,2906
3363318,21363,2906
3363318,21631,2906
3363318,22016,2906
3363318,22286,2906
3363318,22294,2906
3363318,22458,2906
3363318,22953,2906
3363318,22971,2906
3363318,24185,2906
3363318,25371,2906
3363318,25414,2906
3363318,25508,2906
3363318,25691,2906
3363318,26479,2906
3363318,27744,2907
3363318,27756,2907
3363318,28134,2907
3363318,28633,2907
3363318,28784,2907
3363318,29033,2907
3363318,29140,2907
3363318,29452,2907
3363318,29613,2907
3363318,30267,2907
3363318,30505,2907
3363318,31335,2907
3363318,31353,2907
3363318,32565,2907
3363318,33602,2907
3363318,33956,2907
3363318,34296,2907
3363318,35098,2907
3363318,35119,2907
3363318,35129,2907
3363318,35527,2907
3363318,35908,2907
3363318,36461,2907
3363318,36806,2907
3363318,37508,2907
3363318,37582,2907
3363318,38585,2907
3363318,38742,2907
3363318,39047,2907
3363318,39979,2907
3363318,41636,2907
3363318,41863,2907
3363318,42162,2907
3363318,42531,2907
3363318,42569,2907
3363318,42773,2907
3363318,43077,2907
3363318,43097,2907
3363318,43245,2907
3363318,44398,2907
3363318,44457,2907
3363318,44896,2907
3363318,46056,2907
3363318,46230,2907
3363318,46373,2907
3363318,49220,2907
3363318,49967,2907
3363318,50694,2907
3363318,50723,2907
3363318,50741,2907
3363318,51002,2907
3363318,51130,2907
3363318,51950,2907
3363318,52119,2907
3363318,52422,2907
3363318,52713,2907
3363318,53145,2907
3363318,53174,2907
3363318,54449,2907
3363318,54880,2907
3363318,56624,2907
3363318,56698,2907
3363318,56836,2907
3363318,56907,2907
3363318,57539,2907
3363318,57718,2907
3363318,57842,2908
3363318,57887,2908
3363318,59137,2908
3363318,60216,2908
3363318,60357,2908
3363318,60919,2908
3363318,61643,2908
3363318,61731,2908
3363318,61769,2908
3363318,63078,2908
3363318,63201,2908
3363318,64089,2908
3363318,64091,2908
3363318,64426,2908
3363318,64709,2908
3363318,65012,2908
3363318,65267,2908
3363318,66504,2908
3363318,66758,2908
3363318,67017,2908
3363318,67247,2908
3363318,68805,2908
3363318,68912,2908
3363318,70311,2908
3363318,70698,2908
3363318,70824,2908
3363318,71040,2908
3363318,71314,2908
3363318,71749,2908
3363318,72244,2908
3363318,73397,2908
3363318,74134,2908
3363318,75297,2908
3363318,75466,2908
3363318,75507,2908
3363318,76674,2908
3363318,77047,2908
3363318,78646,2908
3363318,78706,2908
3363318,78794,2908
3363318,79450,2908
3363318,79953,2908
3363318,80590,2908
3363318,80891,2908
3363318,81087,2908
3363318,81352,2908
3363318,81646,2908
3363318,81651,2908
3363318,81688,2908
3363318,83238,2908
3363318,83369,2908
3363318,83661,2908
3363318,83960,2908
3363318,84054,2908
3363318,84090,2908
3363318,85689,2908
3363318,85849,2908
3363318,88043,2908
3363318,88177,2908
3363318,88908,2908
3363318,88953,2908
3363318,89227,2908
3363318,89813,2908
3363318,90854,2908
3363318,91629,2908
3363318,91771,2908
3363318,92602,2909
3363318,93320,2909
3363318,93872,2909
3363318,93881,2909
3363318,93942,2909
3363318,94019,2909
3363318,94162,2909
3363318,94263,2909
3363318,94806,2909
3363318,94930,2909
3363318,96058,2909
3363318,96232,2909
3363318,97282,2909
3363318,97283,2909
3363318,97545,2909
3363318,97737,2909
3363318,97945,2909
3363318,98030,2909
3363318,98081,2909
3363318,98833,2909
3363318,100698,2909
3363318,100922,2909
3363318,101146,2909
3363318,101514,2909
3363318,102686,2909
3363318,103228,2909
3363318,103277,2909
3363318,103300,2909
3363318,103552,2909
3363318,104799,2909
3363318,105917,2909
3363318,105925,2909
3363318,106133,2909
3363318,107746,2909
3363318,108042,2909
3363318,108611,2909
3363318,108868,2909
3363318,109727,2909
3363318,109820,2909
3363318,110183,2909
3363318,110384,2909
3363318,110752,2909
3363318,111453,2909
3363318,112086,2909
3363318,112123,2909
3363318,112982,2909
3363318,113764,2909
3363318,114407,2909
3363318,115295,2909
3363318,115377,2909
3363318,115884,2909
3363318,115957,2909
3363318,116109,2909
3363318,116366,2909
3363318,117242,2909
3363318,117268,2909
3363318,117900,2909
3363318,118654,2909
3363318,118748,2909
3363318,119497,2909
3363318,119635,2909
3363318,119698,2909
3363318,119940,2909
3363318,120543,2909
3363318,120551,2909
3363318,120648,2909
3363318,120770,2910
3363318,121754,2910
3363318,121904,2910
3363318,122109,2910
3363318,122317,2910
3363318,122668,2910
3363318,122889,2910
3363318,123844,2910
3363318,123881,2910
3363318,123961,2910
3363318,123995,2910
3363318,124068,2910
3363318,124690,2910
3363318,125007,2910
3363318,125310,2910
3363318,125373,2910
3363318,125506,2910
3363318,125821,2910
3363318,126005,2910
3363318,126876,2910
3363318,126904,2910
3363318,127862,2910
3363318,128220,2910
3363318,129025,2910
3363318,130114,2910
3363318,130226,2910
3363318,131885,2910
3363318,131928,2910
3363318,132740,2910
3363318,132802,2910
3363318,132956,2910
3363318,133386,2910
3363318,135025,2910
3363318,135247,2910
3363318,135628,2910
3363318,135685,2910
3363318,136155,2910
3363318,136774,2910
3363318,137241,2910
3363318,138206,2910
3363318,138352,2910
3363318,138375,2910
3363318,138460,2910
3363318,138471,2910
3363318,138489,2910
3363318,138508,2910
3363318,138587,2910
3363318,139314,2910
3363318,140333,2910
3363318,141010,2910
3363318,141286,2910
3363318,143053,2910
3363318,143363,2910
3363318,143684,2910
3363318,144024,2910
3363318,144099,2910
3363318,144158,2910
3363318,144999,2910
3363318,145036,2910
3363318,148165,2910
3363318,148555,2910
3363913,13237,2901
3363913,14142,2902
3363913,22445,2902
3363913,23536,2902
3363913,24725,2902
3363913,27508,2902
3363913,28581,2902
3363913,39873,2902
3363913,47289,2902
3363913,50972,2902
3363913,51457,2902
3363913,62533,2902
3363913,63698,2902
3363913,65732,2902
3363913,66519,2902
3363913,67322,2902
3363913,74918,2902
3363913,75286,2902
3363913,77828,2902
3363913,80285,2902
3363913,83899,2902
3363913,84878,2902
3363913,87825,2902
3363913,88817,2902
3363913,89039,2902
3363913,91230,2902
3363913,95743,2902
3363913,97323,2902
3363913,101952,2902
3363913,105705,2902
3363913,110135,2902
3363913,113305,2902
3363913,115845,2902
3363913,117229,2902
3363913,130780,2902
leaf533.txt
