leaf
3186914,51111,2290
3186914,51885,2290
3186914,52004,2290
3186914,52590,2290
3186914,53003,2290
3186914,53924,2290
3186914,53985,2290
3186914,56732,2290
3186914,57153,2290
3186914,57926,2290
3186914,59325,2290
3186914,60184,2290
3186914,60672,2290
3186914,61241,2290
3186914,61450,2290
3186914,61547,2290
3186914,62316,2290
3186914,62574,2290
3186914,63080,2290
3186914,67476,2290
3186914,67602,2290
3186914,67833,2290
3186914,68624,2290
3186914,69450,2290
3186914,69873,2290
3186914,70776,2290
3186914,71066,2290
3186914,71430,2290
3186914,71573,2290
3186914,72632,2290
3186914,73873,2290
3186914,74249,2290
3186914,74682,2290
3186914,74898,2290
3186914,77076,2290
3186914,77155,2290
3186914,78568,2290
3186914,78934,2290
3186914,80369,2290
3186914,80471,2290
3186914,80625,2290
3186914,81127,2291
3186914,82551,2291
3186914,82791,2291
3186914,82830,2291
3186914,82919,2291
3186914,83248,2291
3186914,84054,2291
3186914,84099,2291
3186914,85288,2291
3186914,87160,2291
3186914,90671,2291
3186914,91773,2291
3186914,93064,2291
3186914,93106,2291
3186914,93667,2291
3186914,94595,2291
3186914,94751,2291
3186914,94770,2291
3186914,96059,2291
3186914,96138,2291
3186914,96145,2291
3186914,96909,2291
3186914,97181,2291
3186914,97185,2291
3186914,97820,2291
3186914,98156,2291
3186914,98544,2291
3186914,98636,2291
3186914,98760,2291
3186914,98975,2291
3186914,99217,2291
3186914,99655,2291
3186914,100292,2291
3186914,100481,2291
3186914,101931,2291
3186914,102693,2291
3186914,103448,2291
3186914,104302,2291
3186914,104483,2291
3186914,104982,2291
3186914,105729,2291
3186914,105767,2291
3186914,105899,2291
3186914,106702,2291
3186914,106819,2291
3186914,106906,2291
3186914,108628,2291
3186914,109950,2291
3186914,110308,2291
3186914,110335,2291
3186914,110402,2291
3186914,111536,2291
3186914,112726,2291
3186914,113013,2291
3186914,113716,2291
3186914,116751,2291
3186914,118543,2291
3186914,119290,2291
3186914,119692,2291
3186914,121299,2291
3186914,122696,2291
3186914,123526,2291
3186914,123954,2291
3186914,126041,2291
3186914,126783,2291
3186914,127777,2291
3186914,128175,2292
3186914,128373,2292
3186914,128486,2292
3186914,128733,2292
3186914,129442,2292
3186914,129674,2292
3186914,130255,2292
3186914,131303,2292
3186914,131540,2292
3186914,131697,2292
3186914,132298,2292
3186914,133712,2292
3186914,133745,2292
3186914,133765,2292
3186914,135444,2292
3186914,136285,2292
3186914,136603,2292
3186914,136968,2292
3186914,138172,2292
3186914,138274,2292
3186914,138492,2292
3186914,138886,2292
3186914,139157,2292
3186914,139623,2292
3186914,139894,2292
3186914,139977,2292
3186914,141362,2292
3186914,141447,2292
3186914,142373,2292
3186914,142756,2292
3186914,144284,2292
3186914,145811,2292
3186914,146067,2292
3186914,147453,2292
3186914,147706,2292
3186914,148843,2292
3186914,149162,2292
3187165,8,2300
3187165,1117,2300
3187165,2314,2300
3187165,4470,2300
3187165,5440,2300
3187165,5550,2300
3187165,6339,2300
3187165,8416,2300
3187165,9178,2300
3187165,9406,2300
3187165,13363,2300
3187165,14851,2300
3187165,15129,2300
3187165,15273,2300
3187165,15463,2300
3187165,18441,2300
3187165,18545,2300
3187165,19951,2300
3187165,20512,2300
3187165,24609,2300
3187165,24823,2300
3187165,28531,2300
3187165,29255,2300
3187165,31794,2300
3187165,31926,2300
3187165,32559,2300
3187165,32651,2300
3187165,33265,2300
3187165,34338,2300
3187165,34626,2300
3187165,37490,2300
3187165,39882,2300
3187165,40101,2300
3187165,40441,2300
3187165,41425,2300
3187165,44175,2301
3187165,46089,2301
3187165,46192,2301
3187165,46301,2301
3187165,48746,2301
3187165,49013,2301
3187165,49871,2301
3187165,53468,2301
3187165,55399,2301
3187165,55765,2301
3187165,56152,2301
3187165,56917,2301
3187165,60181,2301
3187165,61972,2301
3187165,64528,2301
3187165,65157,2301
3187165,65502,2301
3187165,66237,2301
3187165,67027,2301
3187165,67809,2301
3187165,67939,2301
3187165,69713,2301
3187165,69728,2301
3187165,70976,2301
3187165,71364,2301
3187165,71853,2301
3187165,72463,2301
3187165,73210,2301
3187165,74084,2301
3187165,74978,2301
3187165,75177,2301
3187165,75466,2301
3187165,75565,2301
3187165,76373,2301
3187165,77483,2301
3187165,78808,2301
3187165,79871,2301
3187165,80148,2301
3187165,80399,2301
3187165,81986,2301
3187165,84189,2301
3187165,84746,2301
3187165,85044,2301
3187165,85151,2301
3187165,87690,2301
3187165,88730,2301
3187165,93274,2301
3187165,93351,2301
3187165,94413,2301
3187165,94742,2301
3187165,96241,2301
3187165,96900,2301
3187165,99415,2301
3187165,99510,2301
3187165,102667,2301
3187165,104577,2301
3187165,106495,2301
3187165,107421,2301
3187165,108512,2301
3187165,109031,2301
3187165,109694,2301
3187165,110880,2301
3187165,111103,2301
3187165,111861,2301
3187165,112264,2301
3187165,112387,2301
3187165,112590,2302
3187165,112613,2302
3187165,113990,2302
3187165,114679,2302
3187165,115075,2302
3187165,115274,2302
3187165,118545,2302
3187165,120233,2302
3187165,122059,2302
3187165,122128,2302
3187165,122931,2302
3187165,123645,2302
3187165,124857,2302
3187165,125503,2302
3187165,125531,2302
3187165,128776,2302
3187165,129221,2302
3187165,130591,2302
3187165,130625,2302
3187165,132761,2302
3187165,134173,2302
3187165,134751,2302
3187165,136651,2302
3187165,137512,2302
3187165,138388,2302
3187165,140001,2302
3187165,140199,2302
3187165,141010,2302
3187165,142114,2302
3187165,142259,2302
3187165,142551,2302
3187165,142621,2302
3187165,142960,2302
3187165,143082,2302
3187165,143768,2302
3187165,144747,2302
3187165,147544,2302
3187165,148416,2302
3187165,148703,2302
3187432,17690,2303
3187432,19555,2303
3187432,20271,2303
3187432,28188,2303
3187432,28377,2303
3187432,29139,2303
3187432,30789,2303
3187432,42668,2303
3187432,43199,2303
3187432,45928,2304
3187432,62187,2304
3187432,64058,2304
3187432,67961,2304
3187432,77051,2304
3187432,79647,2304
3187432,91161,2304
3187432,99328,2304
3187432,102199,2304
3187432,102335,2304
3187432,125843,2304
3187432,133503,2304
3187432,136963,2304
3187432,137639,2304
3187432,145605,2304
3187432,146436,2304
3187432,146981,2304
3187757,140,2303
3187757,11249,2303
3187757,12407,2303
3187757,13510,2303
3187757,17570,2303
3187757,19529,2303
3187757,24121,2303
3187757,36089,2303
3187757,46164,2303
3187757,60876,2303
3187757,73906,2303
3187757,74296,2303
3187757,84728,2303
3187757,85416,2303
3187757,92410,2303
3187757,93871,2303
3187757,100583,2303
3187757,105249,2303
3187757,108000,2303
3187757,112008,2303
3187757,114240,2303
3187757,117426,2303
3187757,117980,2303
3187757,119122,2303
3187757,121057,2303
3187757,121623,2303
3187757,122517,2303
3187757,129912,2303
3187757,147201,2303
3187888,4261,2302
3187888,5323,2302
3187888,6896,2302
3187888,8782,2302
3187888,10864,2302
3187888,13764,2302
3187888,14851,2302
3187888,18653,2302
3187888,26582,2302
3187888,27236,2302
3187888,30161,2302
3187888,31892,2302
3187888,37551,2302
3187888,39671,2302
3187888,41940,2302
3187888,46487,2302
3187888,54312,2302
3187888,64300,2302
3187888,72318,2302
3187888,73303,2302
3187888,78376,2302
3187888,80736,2302
leaf422.txt
