leaf
2834653,31052,1341
2834653,33073,1341
2834653,35335,1341
2834653,35912,1341
2834653,37027,1341
2834653,40513,1341
2834653,40757,1341
2834653,41463,1342
2834653,41721,1342
2834653,42451,1342
2834653,44026,1342
2834653,45741,1342
2834653,46905,1342
2834653,49013,1342
2834653,53015,1342
2834653,54236,1342
2834653,55362,1342
2834653,56423,1342
2834653,57111,1342
2834653,58336,1342
2834653,59586,1342
2834653,64177,1342
2834653,67413,1342
2834653,69885,1342
2834653,71882,1342
2834653,74445,1342
2834653,74491,1342
2834653,74630,1342
2834653,77535,1342
2834653,80864,1342
2834653,84064,1342
2834653,86994,1342
2834653,87355,1342
2834653,89301,1342
2834653,90300,1342
2834653,91084,1342
2834653,92462,1342
2834653,92861,1342
2834653,94838,1342
2834653,98538,1342
2834653,98564,1342
2834653,98858,1342
2834653,99357,1342
2834653,100409,1342
2834653,103893,1342
2834653,104290,1342
2834653,104575,1342
2834653,106409,1342
2834653,107432,1342
2834653,108201,1342
2834653,109056,1342
2834653,113749,1342
2834653,113904,1342
2834653,116522,1342
2834653,117220,1342
2834653,118197,1342
2834653,118207,1342
2834653,120363,1342
2834653,120397,1342
2834653,123366,1342
2834653,124132,1342
2834653,124337,1342
2834653,126599,1342
2834653,128051,1342
2834653,129306,1342
2834653,130678,1342
2834653,130870,1342
2834653,131546,1342
2834653,136924,1342
2834653,138445,1342
2834653,139682,1342
2834653,140800,1342
2834653,142925,1342
2834653,142942,1343
2834653,148692,1343
2834657,352,1343
2834657,2421,1343
2834657,6885,1343
2834657,7404,1343
2834657,10183,1343
2834657,10975,1343
2834657,15497,1343
2834657,15826,1343
2834657,16669,1343
2834657,23877,1343
2834657,25757,1343
2834657,25875,1343
2834657,27437,1343
2834657,36303,1343
2834657,39533,1343
2834657,41463,1343
2834657,42451,1343
2834657,49013,1343
2834657,49471,1343
2834657,54236,1343
2834657,54278,1343
2834657,55362,1343
2834657,59619,1343
2834657,61764,1343
2834657,67755,1343
2834657,69885,1343
2834657,72176,1343
2834657,73509,1344
2834657,77535,1344
2834657,82449,1344
2834657,86994,1344
2834657,89301,1344
2834657,90300,1344
2834657,91084,1344
2834657,92462,1344
2834657,94838,1344
2834657,98514,1344
2834657,98564,1344
2834657,98858,1344
2834657,101608,1344
2834657,101739,1344
2834657,103893,1344
2834657,106409,1344
2834657,107358,1344
2834657,118207,1344
2834657,120143,1344
2834657,120397,1344
2834657,126599,1344
2834657,128051,1344
2834657,129306,1344
2834657,130870,1344
2834657,139133,1344
2834657,139696,1344
2834657,142942,1344
2834657,148692,1344
2834659,352,1338
2834659,2583,1338
2834659,2899,1338
2834659,4277,1338
2834659,6982,1338
2834659,7404,1338
2834659,8907,1338
2834659,9474,1338
2834659,14468,1338
2834659,14722,1338
2834659,15314,1338
2834659,15595,1338
2834659,15826,1338
2834659,15844,1338
2834659,18374,1338
2834659,18653,1338
2834659,19514,1338
2834659,20177,1338
2834659,24648,1338
2834659,25320,1338
2834659,25757,1338
2834659,25875,1338
2834659,27437,1338
2834659,28235,1338
2834659,29104,1338
2834659,29276,1338
2834659,33373,1338
2834659,39543,1338
2834659,39560,1338
2834659,41463,1338
2834659,41545,1338
2834659,41794,1338
2834659,42245,1338
2834659,42451,1338
2834659,45995,1338
2834659,47204,1338
2834659,47838,1338
2834659,48512,1338
2834659,48670,1338
2834659,49013,1338
2834659,49933,1338
2834659,53476,1338
2834659,54236,1338
2834659,54999,1338
2834659,55362,1338
2834659,59619,1338
2834659,61661,1338
2834659,61954,1338
2834659,72743,1338
2834659,73656,1338
2834659,77677,1338
2834659,80992,1338
2834659,85874,1338
2834659,86994,1338
2834659,87355,1338
2834659,88170,1338
2834659,89301,1338
2834659,90300,1338
2834659,91084,1338
2834659,92051,1339
2834659,92462,1339
2834659,98564,1339
2834659,106409,1339
2834659,108779,1339
2834659,109559,1339
2834659,110267,1339
2834659,115741,1339
2834659,117135,1339
2834659,117840,1339
2834659,117946,1339
2834659,118207,1339
2834659,126101,1339
2834659,126599,1339
2834659,128051,1339
2834659,128730,1339
2834659,129306,1339
2834659,130939,1339
2834659,134662,1339
2834659,137812,1339
2834659,138048,1339
2834659,139049,1339
2834659,139539,1339
2834659,140708,1339
2834659,142942,1339
2834659,148692,1339
2834758,3148,1343
2834758,4923,1343
2834758,5225,1343
2834758,13857,1343
2834758,13939,1343
2834758,17151,1343
2834758,19997,1343
2834758,27485,1343
2834758,30363,1343
2834758,35776,1343
2834758,36536,1343
2834758,37432,1343
2834758,59131,1343
2834758,60938,1343
2834758,61183,1343
2834758,64076,1343
2834758,66651,1343
2834758,66758,1343
2834758,76684,1343
2834758,81794,1343
2834758,81850,1343
2834758,82146,1343
2834758,83704,1343
2834758,88257,1343
2834758,89577,1343
2834758,91055,1343
2834758,112866,1343
2834758,116078,1343
2834758,119458,1343
2834758,119844,1343
2834758,124036,1343
2834758,128091,1343
2834758,129376,1343
2834758,131800,1343
2834758,132524,1343
2834758,135846,1343
2834758,136934,1343
2834795,984,1340
2834795,7023,1340
2834795,7914,1340
2834795,11941,1340
2834795,12131,1340
2834795,12676,1340
2834795,16100,1340
2834795,18271,1340
2834795,19766,1340
2834795,21460,1340
2834795,21931,1340
2834795,24618,1340
2834795,24649,1340
2834795,26202,1340
2834795,29915,1340
2834795,30703,1340
2834795,30822,1340
2834795,33527,1340
2834795,36632,1340
2834795,41102,1340
2834795,50276,1340
2834795,52223,1340
2834795,57243,1340
2834795,58166,1341
2834795,59881,1341
2834795,63952,1341
2834795,64268,1341
2834795,73750,1341
2834795,75788,1341
2834795,78136,1341
2834795,79073,1341
2834795,84993,1341
2834795,87165,1341
2834795,89335,1341
2834795,91956,1341
2834795,95459,1341
2834795,98911,1341
2834795,103646,1341
2834795,105212,1341
2834795,106957,1341
2834795,108391,1341
2834795,111541,1341
2834795,111986,1341
2834795,112070,1341
2834795,121270,1341
2834795,122410,1341
2834795,123819,1341
2834795,126631,1341
2834795,132835,1341
2834795,132877,1341
2834795,133210,1341
2834795,133352,1341
2834795,134626,1341
2834795,136174,1341
2834795,137486,1341
2834795,137905,1341
2834795,138190,1341
2834795,145986,1341
2835083,626,1345
2835083,1091,1345
2835083,13194,1345
2835083,16389,1345
2835083,18750,1345
2835083,19899,1345
2835083,20777,1345
2835083,21196,1345
2835083,21439,1345
2835083,29123,1345
2835083,30993,1345
2835083,39642,1345
2835083,40699,1345
2835083,41837,1345
2835083,55552,1346
2835083,61455,1346
2835083,65013,1346
2835083,67231,1346
2835083,69826,1346
2835083,70090,1346
2835083,73262,1346
2835083,73292,1346
2835083,75870,1346
2835083,82979,1346
2835083,89139,1346
2835083,90389,1346
2835083,96957,1346
2835083,100826,1346
2835083,102350,1346
2835083,102588,1346
2835083,110456,1346
2835083,115894,1346
2835083,118494,1346
2835083,125950,1346
2835083,130284,1346
2835083,135634,1346
2835083,149281,1346
2835560,3924,1346
2835560,8263,1346
2835560,8613,1346
2835560,11097,1346
2835560,16909,1346
2835560,17547,1346
2835560,18676,1346
2835560,20354,1346
2835560,23650,1346
2835560,23866,1346
2835560,27897,1346
2835560,29710,1346
2835560,41421,1346
2835560,46389,1346
leaf247.txt
