leaf
3425196,71529,3278
3425196,74963,3278
3425196,80267,3279
3425196,88236,3279
3425196,92059,3279
3425196,95193,3279
3425196,97654,3279
3425196,114904,3279
3425196,115260,3279
3425196,115298,3279
3425196,119630,3279
3425196,121083,3279
3425196,122218,3279
3425196,124600,3279
3425196,127375,3279
3425196,131649,3279
3425196,132022,3279
3425196,133491,3279
3425196,136608,3279
3425196,138572,3279
3425196,142215,3279
3425196,145267,3279
3425196,149334,3279
3425383,2063,3275
3425383,2610,3275
3425383,3576,3275
3425383,8405,3275
3425383,14413,3275
3425383,14640,3275
3425383,23679,3275
3425383,32419,3275
3425383,36946,3275
3425383,40315,3275
3425383,44707,3275
3425383,45584,3275
3425383,45795,3275
3425383,46948,3275
3425383,49663,3275
3425383,50655,3275
3425383,53336,3275
3425383,55150,3275
3425383,57310,3275
3425383,57782,3275
3425383,60180,3275
3425383,66050,3275
3425383,66638,3276
3425383,67949,3276
3425383,80161,3276
3425383,83004,3276
3425383,91784,3276
3425383,98867,3276
3425383,99408,3276
3425383,99469,3276
3425383,99700,3276
3425383,102575,3276
3425383,108973,3276
3425383,109832,3276
3425383,111089,3276
3425383,113159,3276
3425383,115306,3276
3425383,116093,3276
3425383,116943,3276
3425383,117816,3276
3425383,117943,3276
3425383,117968,3276
3425383,120212,3276
3425383,127382,3276
3425383,127781,3276
3425383,128352,3276
3425383,130440,3276
3425383,135425,3276
3425383,137532,3276
3425383,138273,3276
3425383,138475,3276
3425383,139171,3276
3425383,143148,3276
3425383,144514,3276
3425383,146027,3276
3425478,6884,3274
3425478,13505,3274
3425478,16056,3274
3425478,18543,3274
3425478,19561,3274
3425478,20260,3274
3425478,20269,3274
3425478,26503,3274
3425478,30513,3274
3425478,35821,3274
3425478,43496,3274
3425478,55459,3274
3425478,57271,3274
3425478,59623,3274
3425478,61517,3274
3425478,61519,3274
3425478,65490,3274
3425478,72764,3274
3425478,73414,3274
3425478,74207,3274
3425478,78708,3274
3425478,86096,3274
3425478,93016,3274
3425478,93030,3274
3425478,93317,3274
3425478,100494,3274
3425478,118085,3274
3425478,118666,3274
3425478,120481,3274
3425478,131286,3274
3425478,140788,3274
3425478,141903,3274
3425478,143608,3274
3425776,2443,3276
3425776,3183,3276
3425776,3949,3276
3425776,14409,3276
3425776,15788,3276
3425776,17196,3276
3425776,22698,3276
3425776,22719,3276
3425776,24822,3276
3425776,25231,3276
3425776,26822,3276
3425776,27651,3276
3425776,27861,3276
3425776,34383,3276
3425776,44422,3276
3425776,45835,3276
3425776,48280,3276
3425776,48400,3276
3425776,49241,3276
3425776,49920,3276
3425776,54056,3276
3425776,57300,3276
3425776,62209,3276
3425776,64077,3276
3425776,67579,3276
3425776,70339,3276
3425776,73161,3276
3425776,73347,3276
3425776,75152,3276
3425776,75494,3276
3425776,77538,3276
3425776,79794,3276
3425776,83662,3276
3425776,84701,3277
3425776,85445,3277
3425776,88544,3277
3425776,89632,3277
3425776,91160,3277
3425776,91302,3277
3425776,91851,3277
3425776,92530,3277
3425776,94704,3277
3425776,97160,3277
3425776,99283,3277
3425776,102792,3277
3425776,102819,3277
3425776,104658,3277
3425776,107272,3277
3425776,112976,3277
3425776,113596,3277
3425776,114189,3277
3425776,114364,3277
3425776,118428,3277
3425776,121323,3277
3425776,123903,3277
3425776,125721,3277
3425776,128963,3277
3425776,129816,3277
3425776,133170,3277
3425776,142156,3277
3425776,142457,3277
3426106,2011,3281
3426106,2510,3281
3426106,2792,3281
3426106,3359,3281
3426106,4467,3281
3426106,4569,3281
3426106,6838,3281
3426106,7823,3281
3426106,8304,3281
3426106,11033,3281
3426106,11600,3281
3426106,12986,3281
3426106,13274,3281
3426106,15134,3281
3426106,15424,3281
3426106,17263,3281
3426106,17757,3281
3426106,18241,3281
3426106,18702,3281
3426106,19956,3281
3426106,20005,3281
3426106,20054,3281
3426106,21702,3281
3426106,22078,3281
3426106,22286,3281
3426106,22595,3281
3426106,23438,3281
3426106,25044,3281
3426106,25635,3281
3426106,26460,3281
3426106,27667,3281
3426106,27788,3281
3426106,30311,3281
3426106,30951,3281
3426106,32510,3281
3426106,32847,3281
3426106,33569,3281
3426106,34460,3281
3426106,35761,3281
3426106,38843,3281
3426106,39317,3281
3426106,39355,3281
3426106,39385,3281
3426106,39665,3281
3426106,41075,3281
3426106,41182,3281
3426106,42773,3281
3426106,43580,3282
3426106,44199,3282
3426106,45253,3282
3426106,45635,3282
3426106,45902,3282
3426106,46230,3282
3426106,48027,3282
3426106,50741,3282
3426106,51002,3282
3426106,53221,3282
3426106,53327,3282
3426106,53460,3282
3426106,53593,3282
3426106,53734,3282
3426106,54880,3282
3426106,56472,3282
3426106,56934,3282
3426106,57795,3282
3426106,57842,3282
3426106,60216,3282
3426106,62257,3282
3426106,62677,3282
3426106,63808,3282
3426106,64179,3282
3426106,64908,3282
3426106,65142,3282
3426106,66268,3282
3426106,66504,3282
3426106,68784,3282
3426106,69058,3282
3426106,69777,3282
3426106,70311,3282
3426106,70954,3282
3426106,71202,3282
3426106,72413,3282
3426106,73397,3282
3426106,74023,3282
3426106,74741,3282
3426106,77047,3282
3426106,78191,3282
3426106,78794,3282
3426106,79568,3282
3426106,80120,3282
3426106,80163,3282
3426106,81671,3282
3426106,84265,3282
3426106,84688,3282
3426106,84801,3282
3426106,85144,3282
3426106,85849,3282
3426106,88953,3282
3426106,92952,3282
3426106,93169,3282
3426106,93215,3282
3426106,94314,3282
3426106,96329,3282
3426106,97121,3282
3426106,99888,3282
3426106,100518,3282
3426106,100597,3282
3426106,101353,3282
3426106,102573,3282
3426106,106133,3282
3426106,107716,3282
3426106,108269,3282
3426106,109048,3282
3426106,110414,3283
3426106,111903,3283
3426106,114407,3283
3426106,115377,3283
3426106,116642,3283
3426106,117186,3283
3426106,117487,3283
3426106,119497,3283
3426106,120835,3283
3426106,121139,3283
3426106,121588,3283
3426106,122213,3283
3426106,122519,3283
3426106,122889,3283
3426106,126251,3283
3426106,128471,3283
3426106,128738,3283
3426106,129523,3283
3426106,130633,3283
3426106,130884,3283
3426106,130919,3283
3426106,131198,3283
3426106,131407,3283
3426106,132197,3283
3426106,132505,3283
3426106,132740,3283
3426106,133386,3283
3426106,133931,3283
3426106,137829,3283
3426106,138961,3283
3426106,140660,3283
3426106,140946,3283
3426106,141286,3283
3426106,142000,3283
3426106,142961,3283
3426106,143363,3283
3426106,143757,3283
3426106,144099,3283
3426106,144689,3283
3426106,146449,3283
3426106,148349,3283
3426223,9125,3285
3426223,13044,3285
3426223,30727,3285
3426223,38614,3285
3426223,40048,3285
3426223,61932,3285
3426223,78684,3285
3426223,83558,3285
3426223,103907,3285
3426223,115226,3285
3426223,116899,3285
3426223,117069,3285
3426223,117240,3285
3426223,120820,3285
3426223,122323,3285
3426223,124714,3285
3426223,132310,3285
3426223,147464,3285
3426385,572,3285
3426385,763,3285
3426385,6532,3285
3426385,18579,3285
3426385,20632,3285
3426385,29095,3286
3426385,34065,3286
3426385,36403,3286
3426385,37220,3286
3426385,42333,3286
3426385,43953,3286
3426385,45374,3286
3426385,51441,3286
3426385,51718,3286
3426385,57106,3286
3426385,57575,3286
3426385,59497,3286
leaf601.txt
