leaf
3293946,58629,2629
3293946,62700,2629
3293946,73251,2629
3293946,77335,2629
3293946,77400,2629
3293946,78322,2629
3293946,78878,2629
3293946,79931,2629
3293946,84680,2629
3293946,90933,2629
3293946,93154,2629
3293946,93244,2629
3293946,99062,2629
3293946,102878,2629
3293946,103676,2629
3293946,106012,2629
3293946,106628,2629
3293946,107271,2629
3293946,108991,2629
3293946,109257,2629
3293946,112858,2629
3293946,113697,2629
3293946,115237,2629
3293946,116689,2629
3293946,121599,2629
3293946,122342,2629
3293946,122493,2629
3293946,123280,2629
3293946,126793,2629
3293946,127937,2629
3293946,130951,2629
3293946,133106,2629
3293946,134712,2629
3293946,134902,2629
3293946,135191,2629
3293946,135259,2629
3293946,135289,2629
3293946,140332,2630
3294057,1457,2636
3294057,2509,2636
3294057,9529,2636
3294057,9912,2636
3294057,21673,2636
3294057,24124,2636
3294057,25344,2636
3294057,25699,2636
3294057,26823,2636
3294057,27795,2636
3294057,29812,2636
3294057,30421,2636
3294057,30615,2636
3294057,30957,2636
3294057,32368,2636
3294057,34623,2636
3294057,44231,2636
3294057,46501,2636
3294057,47891,2636
3294057,56622,2636
3294057,60644,2636
3294057,62359,2636
3294057,62785,2636
3294057,63277,2636
3294057,63742,2636
3294057,68963,2636
3294057,69560,2636
3294057,75230,2636
3294057,75275,2636
3294057,76766,2636
3294057,80171,2636
3294057,86412,2636
3294057,86498,2636
3294057,89569,2636
3294057,89670,2636
3294057,89760,2636
3294057,90206,2636
3294057,90532,2636
3294057,91439,2636
3294057,98902,2636
3294057,106096,2636
3294057,106306,2636
3294057,106738,2636
3294057,111638,2636
3294057,112638,2636
3294057,116319,2637
3294057,117032,2637
3294057,119727,2637
3294057,120346,2637
3294057,127351,2637
3294057,131944,2637
3294057,134702,2637
3294057,138767,2637
3294057,140984,2637
3294057,144947,2637
3294085,2279,2634
3294085,2431,2634
3294085,2645,2634
3294085,3142,2634
3294085,3526,2634
3294085,4269,2634
3294085,4711,2634
3294085,5723,2634
3294085,7217,2634
3294085,7633,2634
3294085,7904,2634
3294085,8001,2634
3294085,10002,2634
3294085,12010,2634
3294085,12334,2634
3294085,12483,2634
3294085,12779,2634
3294085,16862,2634
3294085,20744,2634
3294085,21522,2634
3294085,22799,2634
3294085,22997,2634
3294085,23484,2634
3294085,25150,2634
3294085,25238,2634
3294085,28835,2634
3294085,30982,2634
3294085,34218,2634
3294085,37034,2634
3294085,38381,2634
3294085,40884,2634
3294085,41222,2634
3294085,41284,2634
3294085,42453,2634
3294085,43928,2634
3294085,44048,2635
3294085,44708,2635
3294085,46652,2635
3294085,47637,2635
3294085,48156,2635
3294085,50407,2635
3294085,50681,2635
3294085,51158,2635
3294085,58132,2635
3294085,58360,2635
3294085,60174,2635
3294085,61771,2635
3294085,62944,2635
3294085,64927,2635
3294085,65986,2635
3294085,66298,2635
3294085,69310,2635
3294085,70155,2635
3294085,71577,2635
3294085,73620,2635
3294085,74542,2635
3294085,74975,2635
3294085,75555,2635
3294085,77082,2635
3294085,77871,2635
3294085,79550,2635
3294085,81315,2635
3294085,82478,2635
3294085,83820,2635
3294085,85943,2635
3294085,86397,2635
3294085,87959,2635
3294085,88335,2635
3294085,88902,2635
3294085,89931,2635
3294085,90761,2635
3294085,92166,2635
3294085,93628,2635
3294085,93846,2635
3294085,95338,2635
3294085,95701,2635
3294085,95724,2635
3294085,96519,2635
3294085,96698,2635
3294085,96997,2635
3294085,97613,2635
3294085,98184,2635
3294085,100030,2635
3294085,100145,2635
3294085,102066,2635
3294085,103149,2635
3294085,103218,2635
3294085,103697,2635
3294085,104800,2635
3294085,107840,2635
3294085,108352,2635
3294085,109001,2635
3294085,109828,2635
3294085,111421,2635
3294085,112077,2635
3294085,113487,2635
3294085,115528,2635
3294085,117308,2635
3294085,118013,2635
3294085,118334,2635
3294085,119135,2635
3294085,119609,2636
3294085,120187,2636
3294085,123078,2636
3294085,125678,2636
3294085,125906,2636
3294085,126899,2636
3294085,132372,2636
3294085,135393,2636
3294085,136142,2636
3294085,139141,2636
3294085,141277,2636
3294085,141306,2636
3294085,141669,2636
3294085,142085,2636
3294085,142280,2636
3294085,144330,2636
3294085,144512,2636
3294085,145500,2636
3294085,146479,2636
3294085,146600,2636
3294085,147839,2636
3294795,4451,2638
3294795,5176,2638
3294795,5897,2638
3294795,6254,2638
3294795,6938,2638
3294795,9514,2638
3294795,11052,2638
3294795,11795,2638
3294795,11975,2638
3294795,15356,2638
3294795,17300,2638
3294795,19281,2638
3294795,19298,2638
3294795,21128,2638
3294795,21706,2638
3294795,22032,2638
3294795,22273,2638
3294795,25016,2638
3294795,25335,2638
3294795,29899,2638
3294795,30442,2638
3294795,31521,2638
3294795,33343,2638
3294795,33612,2638
3294795,34865,2638
3294795,36837,2638
3294795,38093,2638
3294795,38829,2638
3294795,39288,2638
3294795,41961,2638
3294795,42800,2638
3294795,42931,2638
3294795,43083,2638
3294795,43805,2638
3294795,48137,2638
3294795,50670,2638
3294795,50958,2638
3294795,51201,2638
3294795,51725,2638
3294795,54849,2638
3294795,55228,2638
3294795,56920,2638
3294795,57365,2638
3294795,57543,2638
3294795,60021,2638
3294795,60334,2638
3294795,60347,2639
3294795,61394,2639
3294795,61844,2639
3294795,62033,2639
3294795,62403,2639
3294795,62541,2639
3294795,63619,2639
3294795,65947,2639
3294795,68031,2639
3294795,68725,2639
3294795,69046,2639
3294795,69187,2639
3294795,69411,2639
3294795,69664,2639
3294795,69733,2639
3294795,70574,2639
3294795,70604,2639
3294795,71571,2639
3294795,75820,2639
3294795,76191,2639
3294795,76624,2639
3294795,77274,2639
3294795,78229,2639
3294795,79257,2639
3294795,80308,2639
3294795,83571,2639
3294795,84052,2639
3294795,85299,2639
3294795,86345,2639
3294795,87323,2639
3294795,87427,2639
3294795,87675,2639
3294795,87984,2639
3294795,88591,2639
3294795,90923,2639
3294795,90961,2639
3294795,94594,2639
3294795,95454,2639
3294795,96249,2639
3294795,96777,2639
3294795,97824,2639
3294795,100779,2639
3294795,100848,2639
3294795,101508,2639
3294795,101743,2639
3294795,102788,2639
3294795,103794,2639
3294795,105957,2639
3294795,106295,2639
3294795,107083,2639
3294795,107637,2639
3294795,108528,2639
3294795,108702,2639
3294795,109578,2639
3294795,112094,2639
3294795,115131,2639
3294795,116210,2639
3294795,116488,2639
3294795,120438,2639
3294795,121715,2639
3294795,122512,2639
3294795,123959,2639
3294795,127853,2639
3294795,129282,2639
3294795,129875,2639
3294795,130697,2639
3294795,132637,2640
3294795,133342,2640
3294795,135064,2640
3294795,136972,2640
3294795,139387,2640
3294795,140870,2640
3294795,146533,2640
3294842,1261,2633
3294842,1547,2633
3294842,1580,2633
3294842,9290,2633
3294842,10926,2633
3294842,19769,2633
3294842,23194,2633
3294842,23355,2633
3294842,29293,2633
3294842,36595,2633
3294842,37762,2633
3294842,38520,2633
3294842,40380,2633
3294842,41707,2633
3294842,42729,2633
3294842,46059,2633
3294842,48007,2633
3294842,48764,2633
3294842,52807,2633
3294842,54127,2633
3294842,56808,2633
3294842,61559,2633
3294842,62592,2633
3294842,67023,2633
3294842,67405,2633
3294842,76159,2633
3294842,79416,2633
leaf483.txt
