leaf
3510553,47462,3720
3510553,53516,3720
3510553,61984,3720
3510553,63982,3720
3510553,70101,3720
3510553,72715,3720
3510553,75437,3720
3510553,79155,3720
3510553,81841,3720
3510553,83376,3720
3510553,85630,3720
3510553,86316,3720
3510553,89651,3720
3510553,91692,3720
3510553,92443,3720
3510553,97785,3720
3510553,99917,3720
3510553,102783,3720
3510553,103601,3720
3510553,106193,3720
3510553,107434,3720
3510553,115857,3720
3510553,128934,3720
3510553,128965,3720
3510553,129514,3720
3510553,129698,3720
3510553,130947,3720
3510553,142711,3720
3510553,147725,3720
3511027,335,3720
3511027,653,3720
3511027,1869,3720
3511027,3263,3720
3511027,3512,3720
3511027,6180,3720
3511027,10227,3720
3511027,10398,3720
3511027,12395,3720
3511027,21172,3720
3511027,21627,3721
3511027,24843,3721
3511027,31061,3721
3511027,37434,3721
3511027,38814,3721
3511027,41354,3721
3511027,50702,3721
3511027,52308,3721
3511027,55972,3721
3511027,56415,3721
3511027,69588,3721
3511027,69778,3721
3511027,72944,3721
3511027,73834,3721
3511027,79486,3721
3511027,85731,3721
3511027,92170,3721
3511027,93477,3721
3511027,100185,3721
3511027,102139,3721
3511027,102885,3721
3511027,105730,3721
3511027,108599,3721
3511027,112118,3721
3511027,116850,3721
3511027,117585,3721
3511027,118865,3721
3511027,123541,3721
3511027,123712,3721
3511027,126048,3721
3511027,128637,3721
3511027,129132,3721
3511027,131404,3721
3511027,132819,3721
3511027,133078,3721
3511027,134514,3721
3511027,141486,3721
3511027,141755,3721
3511027,143123,3721
3511027,143538,3721
3511027,143571,3721
3511027,144804,3721
3511027,147990,3721
3511027,148426,3721
3511029,2581,3722
3511029,4320,3722
3511029,5004,3722
3511029,5112,3722
3511029,6896,3722
3511029,7439,3722
3511029,9523,3722
3511029,9921,3722
3511029,12406,3722
3511029,15466,3722
3511029,15747,3722
3511029,16413,3722
3511029,17184,3722
3511029,18868,3722
3511029,21527,3722
3511029,23304,3722
3511029,24454,3722
3511029,25328,3722
3511029,26159,3722
3511029,28052,3722
3511029,30369,3722
3511029,31730,3722
3511029,35613,3722
3511029,38751,3722
3511029,39488,3722
3511029,42721,3722
3511029,45676,3722
3511029,46119,3722
3511029,46434,3722
3511029,49069,3722
3511029,49583,3722
3511029,49700,3722
3511029,52333,3722
3511029,52347,3722
3511029,58839,3722
3511029,62458,3722
3511029,64003,3722
3511029,64528,3722
3511029,66166,3722
3511029,66806,3722
3511029,68332,3722
3511029,69711,3722
3511029,69889,3722
3511029,70649,3722
3511029,71358,3722
3511029,72506,3723
3511029,73667,3723
3511029,74013,3723
3511029,74700,3723
3511029,75473,3723
3511029,75866,3723
3511029,82042,3723
3511029,83877,3723
3511029,83901,3723
3511029,84432,3723
3511029,85792,3723
3511029,87573,3723
3511029,89298,3723
3511029,90150,3723
3511029,90226,3723
3511029,91179,3723
3511029,93077,3723
3511029,93503,3723
3511029,93919,3723
3511029,95391,3723
3511029,97591,3723
3511029,99271,3723
3511029,100323,3723
3511029,100960,3723
3511029,103810,3723
3511029,104577,3723
3511029,104857,3723
3511029,106526,3723
3511029,107219,3723
3511029,108655,3723
3511029,111047,3723
3511029,111986,3723
3511029,112634,3723
3511029,113722,3723
3511029,118485,3723
3511029,120818,3723
3511029,122520,3723
3511029,123737,3723
3511029,128490,3723
3511029,130268,3723
3511029,132331,3723
3511029,132383,3723
3511029,132903,3723
3511029,133268,3723
3511029,135912,3723
3511029,137087,3723
3511029,140140,3723
3511029,143798,3723
3511029,145182,3723
3511570,20637,3721
3511570,20838,3721
3511570,21765,3721
3511570,22299,3721
3511570,24864,3721
3511570,48634,3721
3511570,50831,3721
3511570,61497,3721
3511570,62569,3721
3511570,63934,3721
3511570,64364,3721
3511570,69850,3721
3511570,83975,3721
3511570,89887,3721
3511570,92105,3721
3511570,94049,3721
3511570,95615,3721
3511570,100022,3721
3511570,103597,3721
3511570,103623,3721
3511570,110542,3721
3511570,112268,3721
3511570,112611,3722
3511570,116125,3722
3511570,116773,3722
3511570,117041,3722
3511570,117296,3722
3511570,118616,3722
3511570,119082,3722
3511570,120714,3722
3511570,128406,3722
3511570,133567,3722
3511570,140275,3722
3511570,143304,3722
3511570,147540,3722
3511570,148444,3722
3511570,148838,3722
3511737,7844,3722
3511737,16992,3722
3511737,27883,3722
3511737,82429,3722
3511737,107040,3722
3511737,126847,3722
3512537,3069,3724
3512537,6988,3724
3512537,11839,3724
3512537,11906,3724
3512537,12058,3724
3512537,15129,3724
3512537,15959,3724
3512537,17983,3724
3512537,18603,3724
3512537,18891,3724
3512537,19795,3724
3512537,21318,3724
3512537,21552,3724
3512537,26329,3724
3512537,28611,3724
3512537,29560,3724
3512537,31456,3724
3512537,31674,3724
3512537,32206,3724
3512537,35649,3724
3512537,35773,3724
3512537,36515,3724
3512537,38466,3724
3512537,40995,3724
3512537,41255,3724
3512537,45729,3724
3512537,49048,3724
3512537,49987,3724
3512537,50170,3724
3512537,50416,3724
3512537,50422,3724
3512537,50995,3724
3512537,51926,3724
3512537,52518,3724
3512537,54001,3724
3512537,54285,3724
3512537,54704,3724
3512537,55159,3724
3512537,55277,3724
3512537,55838,3724
3512537,58664,3724
3512537,58988,3725
3512537,60328,3725
3512537,70474,3725
3512537,71583,3725
3512537,73468,3725
3512537,73924,3725
3512537,77011,3725
3512537,77190,3725
3512537,78703,3725
3512537,79458,3725
3512537,79511,3725
3512537,79873,3725
3512537,82380,3725
3512537,83998,3725
3512537,89042,3725
3512537,93424,3725
3512537,96232,3725
3512537,97469,3725
3512537,98203,3725
3512537,100088,3725
3512537,101122,3725
3512537,101989,3725
3512537,103372,3725
3512537,104206,3725
3512537,104265,3725
3512537,106672,3725
3512537,107709,3725
3512537,110484,3725
3512537,111941,3725
3512537,112103,3725
3512537,112722,3725
3512537,113075,3725
3512537,113454,3725
3512537,113496,3725
3512537,113776,3725
3512537,115105,3725
3512537,116089,3725
3512537,117089,3725
3512537,118960,3725
3512537,119494,3725
3512537,121303,3725
3512537,121680,3725
3512537,122729,3725
3512537,123992,3725
3512537,127359,3725
3512537,127926,3725
3512537,128460,3725
3512537,128809,3725
3512537,130526,3725
3512537,131443,3725
3512537,132882,3725
3512537,134143,3725
3512537,134345,3725
3512537,135202,3725
3512537,139173,3725
3512537,141028,3725
3512537,141042,3725
3512537,141286,3725
3512537,143721,3725
3512537,145854,3725
3512537,146717,3725
3512537,147975,3725
3512791,428,3723
3512791,4834,3723
3512791,7084,3723
3512791,10605,3723
3512791,13570,3723
3512791,19133,3723
3512791,21006,3723
3512791,22789,3723
3512791,28483,3723
3512791,41469,3723
3512791,43151,3723
3512791,43218,3723
3512791,43929,3723
3512791,49739,3723
3512791,52058,3723
3512791,60449,3723
3512791,61272,3723
3512791,62750,3724
3512791,66878,3724
3512791,68413,3724
3512791,75654,3724
3512791,86072,3724
3512791,88169,3724
3512791,94903,3724
3512791,96720,3724
3512791,97689,3724
3512791,99145,3724
3512791,99342,3724
3512791,100921,3724
3512791,107574,3724
3512791,107896,3724
3512791,112940,3724
3512791,113665,3724
3512791,118346,3724
3512791,120090,3724
3512791,120184,3724
3512791,126233,3724
3512791,139629,3724
leaf682.txt
