leaf
3421237,23034,3222
3421237,25006,3222
3421237,32761,3223
3421237,37016,3223
3421237,37921,3223
3421237,44384,3223
3421237,49679,3223
3421237,50942,3223
3421237,58811,3223
3421237,60569,3223
3421237,60781,3223
3421237,61071,3223
3421237,62044,3223
3421237,65067,3223
3421237,67972,3223
3421237,70094,3223
3421237,74934,3223
3421237,77260,3223
3421237,83705,3223
3421237,84234,3223
3421237,88594,3223
3421237,90398,3223
3421237,90659,3223
3421237,95446,3223
3421237,97640,3223
3421237,111617,3223
3421237,113460,3223
3421237,114042,3223
3421237,117568,3223
3421237,122240,3223
3421237,127664,3223
3421237,128980,3223
3421237,142881,3223
3421237,147582,3223
3421286,486,3223
3421286,3187,3223
3421286,8149,3223
3421286,9314,3223
3421286,9563,3223
3421286,11469,3223
3421286,12281,3223
3421286,13848,3223
3421286,16465,3223
3421286,21304,3223
3421286,21481,3223
3421286,25878,3223
3421286,30664,3223
3421286,31993,3223
3421286,32205,3223
3421286,39313,3223
3421286,39966,3223
3421286,41264,3223
3421286,41879,3223
3421286,42309,3223
3421286,42687,3223
3421286,48707,3223
3421286,48747,3223
3421286,49405,3223
3421286,51154,3223
3421286,51798,3223
3421286,54152,3223
3421286,69710,3223
3421286,70117,3223
3421286,75020,3223
3421286,79547,3223
3421286,80436,3223
3421286,81697,3223
3421286,82618,3223
3421286,83877,3224
3421286,84451,3224
3421286,94070,3224
3421286,96475,3224
3421286,106211,3224
3421286,109384,3224
3421286,110789,3224
3421286,111713,3224
3421286,116549,3224
3421286,116809,3224
3421286,117246,3224
3421286,121985,3224
3421286,126832,3224
3421286,128239,3224
3421286,129022,3224
3421286,130206,3224
3421286,130664,3224
3421286,131890,3224
3421286,134570,3224
3421286,136261,3224
3421286,142409,3224
3421286,143595,3224
3421286,145942,3224
3421286,146354,3224
3421286,148609,3224
3421286,148843,3224
3421286,148859,3224
3421320,955,3219
3421320,5766,3219
3421320,6164,3219
3421320,6846,3219
3421320,9524,3219
3421320,9607,3219
3421320,12115,3219
3421320,13688,3219
3421320,14672,3219
3421320,16651,3219
3421320,18268,3219
3421320,18561,3219
3421320,18823,3219
3421320,19081,3219
3421320,23242,3219
3421320,23709,3219
3421320,25356,3219
3421320,25563,3219
3421320,27764,3219
3421320,29067,3219
3421320,35038,3219
3421320,37174,3219
3421320,39931,3219
3421320,40519,3219
3421320,41704,3219
3421320,41930,3219
3421320,42024,3219
3421320,42506,3219
3421320,43298,3219
3421320,45324,3219
3421320,49955,3219
3421320,50886,3219
3421320,52001,3219
3421320,55258,3219
3421320,55629,3219
3421320,56086,3219
3421320,59083,3219
3421320,59629,3219
3421320,60308,3219
3421320,61435,3219
3421320,65024,3219
3421320,65160,3219
3421320,65242,3219
3421320,66010,3219
3421320,67323,3219
3421320,70574,3219
3421320,74327,3219
3421320,78382,3219
3421320,81669,3219
3421320,83341,3219
3421320,84647,3219
3421320,84909,3220
3421320,85630,3220
3421320,87945,3220
3421320,88479,3220
3421320,91003,3220
3421320,97106,3220
3421320,97184,3220
3421320,98488,3220
3421320,98970,3220
3421320,99723,3220
3421320,100256,3220
3421320,101310,3220
3421320,103895,3220
3421320,103995,3220
3421320,105455,3220
3421320,105654,3220
3421320,105838,3220
3421320,108004,3220
3421320,114491,3220
3421320,116185,3220
3421320,117789,3220
3421320,117945,3220
3421320,120772,3220
3421320,121316,3220
3421320,121940,3220
3421320,122675,3220
3421320,125105,3220
3421320,125503,3220
3421320,125799,3220
3421320,126620,3220
3421320,127627,3220
3421320,128060,3220
3421320,128717,3220
3421320,131285,3220
3421320,131721,3220
3421320,136932,3220
3421320,137283,3220
3421320,137819,3220
3421320,138703,3220
3421320,139010,3220
3421320,140928,3220
3421320,141670,3220
3421320,142104,3220
3421320,145469,3220
3421320,145562,3220
3421320,146380,3220
3421320,148459,3220
3421399,6409,3222
3421399,6410,3222
3421399,9211,3222
3421399,10782,3222
3421399,12186,3222
3421399,13936,3222
3421399,18676,3222
3421399,27354,3222
3421399,29010,3222
3421399,41179,3222
3421399,47465,3222
3421399,47760,3222
3421399,53799,3222
3421399,53806,3222
3421399,63463,3222
3421399,70555,3222
3421399,76515,3222
3421399,82485,3222
3421399,95016,3222
3421399,100403,3222
3421399,100463,3222
3421399,110188,3222
3421399,113428,3222
3421399,116704,3222
3421399,121874,3222
3421399,126260,3222
3421399,127891,3222
3421399,130676,3222
3421399,136184,3222
3421399,140784,3222
3421399,141220,3222
3421452,27116,3220
3421452,38133,3220
3421452,40331,3220
3421452,41231,3220
3421452,48399,3220
3421452,53923,3220
3421452,55094,3220
3421452,55197,3220
3421452,75252,3220
3421452,79533,3220
3421452,93789,3220
3421452,95085,3220
3421452,97366,3220
3421452,100355,3220
3421452,104225,3220
3421452,106426,3220
3421452,109572,3220
3421452,113660,3220
3421452,114072,3220
3421452,116102,3221
3421452,117319,3221
3421452,118228,3221
3421452,118500,3221
3421452,121486,3221
3421452,121502,3221
3421452,144367,3221
3421452,148732,3221
3421513,461,3217
3421513,2340,3217
3421513,3334,3217
3421513,3622,3217
3421513,4676,3217
3421513,4920,3217
3421513,5080,3217
3421513,6148,3217
3421513,7872,3217
3421513,9266,3217
3421513,9812,3217
3421513,10436,3217
3421513,11502,3217
3421513,11695,3217
3421513,11741,3217
3421513,12223,3217
3421513,18966,3217
3421513,19202,3217
3421513,20351,3217
3421513,20549,3217
3421513,21806,3217
3421513,22072,3217
3421513,22979,3217
3421513,24132,3217
3421513,24377,3217
3421513,24429,3217
3421513,24602,3217
3421513,24899,3217
3421513,27489,3217
3421513,29197,3217
3421513,29549,3217
3421513,30756,3217
3421513,34808,3217
3421513,35404,3217
3421513,40670,3217
3421513,42725,3217
3421513,48746,3217
3421513,49205,3217
3421513,52535,3217
3421513,54296,3218
3421513,54865,3218
3421513,57624,3218
3421513,60181,3218
3421513,60704,3218
3421513,65001,3218
3421513,65780,3218
3421513,66071,3218
3421513,66631,3218
3421513,68711,3218
3421513,69400,3218
3421513,72331,3218
3421513,73210,3218
3421513,73425,3218
3421513,74627,3218
3421513,78940,3218
3421513,80160,3218
3421513,80697,3218
3421513,83041,3218
3421513,84162,3218
3421513,84856,3218
3421513,85003,3218
3421513,88942,3218
3421513,89190,3218
3421513,91842,3218
3421513,93356,3218
3421513,93793,3218
3421513,94202,3218
3421513,97149,3218
3421513,97480,3218
3421513,98679,3218
3421513,99132,3218
3421513,99510,3218
3421513,99525,3218
3421513,99630,3218
3421513,99723,3218
3421513,99765,3218
3421513,105641,3218
3421513,105775,3218
3421513,106125,3218
3421513,106385,3218
3421513,109282,3218
3421513,109511,3218
3421513,110851,3218
3421513,113565,3218
3421513,113990,3218
3421513,114877,3218
3421513,115109,3218
3421513,116349,3218
3421513,117181,3218
3421513,117380,3218
3421513,119445,3218
3421513,122316,3218
3421513,122731,3218
3421513,122938,3218
3421513,123031,3218
3421513,123428,3218
3421513,127074,3218
3421513,130947,3218
3421513,132531,3218
3421513,136069,3218
3421513,136748,3218
3421513,138649,3218
3421513,140897,3218
3421513,140898,3218
3421513,142377,3218
3421513,142922,3219
3421513,144042,3219
3421513,148380,3219
3421513,148790,3219
3421683,2486,3221
leaf590.txt
