leaf
3324458,57708,2735
3324458,57968,2735
3324458,59047,2735
3324458,60411,2735
3324458,62206,2735
3324458,66684,2735
3324458,68928,2735
3324458,70254,2735
3324458,75949,2735
3324458,77533,2735
3324458,79499,2735
3324458,81075,2735
3324458,81669,2735
3324458,82222,2735
3324458,84636,2735
3324458,87717,2735
3324458,88921,2735
3324458,90074,2735
3324458,90887,2735
3324458,90945,2736
3324458,91355,2736
3324458,94668,2736
3324458,100791,2736
3324458,101103,2736
3324458,101863,2736
3324458,102473,2736
3324458,103228,2736
3324458,105051,2736
3324458,107904,2736
3324458,109668,2736
3324458,111394,2736
3324458,111671,2736
3324458,114440,2736
3324458,114915,2736
3324458,118205,2736
3324458,118865,2736
3324458,124665,2736
3324458,126625,2736
3324458,128782,2736
3324458,131495,2736
3324458,132912,2736
3324458,139629,2736
3324458,140044,2736
3324458,141268,2736
3324458,145144,2736
3324458,147464,2736
3324591,4158,2736
3324591,39758,2736
3324591,101035,2736
3324591,101930,2736
3324591,112176,2736
3324591,126968,2736
3324591,131206,2736
3324591,140130,2736
3324600,9460,2735
3324600,21711,2735
3324600,89160,2735
3324600,100435,2735
3324600,121257,2735
3324600,130908,2735
3325143,4936,2736
3325143,6627,2736
3325143,11186,2736
3325143,13199,2736
3325143,13962,2736
3325143,19735,2736
3325143,31835,2736
3325143,34723,2736
3325143,35415,2736
3325143,37681,2736
3325143,43445,2736
3325143,46507,2736
3325143,50658,2736
3325143,55699,2736
3325143,63245,2736
3325143,70483,2737
3325143,70513,2737
3325143,74986,2737
3325143,75924,2737
3325143,83529,2737
3325143,84619,2737
3325143,109381,2737
3325143,113326,2737
3325143,123259,2737
3325143,129844,2737
3325143,136567,2737
3325582,503,2738
3325582,1363,2738
3325582,2792,2738
3325582,3215,2738
3325582,3533,2738
3325582,3736,2738
3325582,6373,2738
3325582,6838,2738
3325582,7571,2738
3325582,8416,2738
3325582,9574,2738
3325582,9796,2738
3325582,11033,2738
3325582,12627,2738
3325582,13339,2738
3325582,14706,2738
3325582,16556,2738
3325582,18016,2738
3325582,19652,2738
3325582,20129,2738
3325582,20155,2738
3325582,20337,2738
3325582,21363,2738
3325582,21408,2738
3325582,22286,2738
3325582,24300,2738
3325582,25635,2738
3325582,28283,2738
3325582,28784,2738
3325582,29265,2738
3325582,31281,2738
3325582,32057,2738
3325582,37487,2738
3325582,38563,2738
3325582,38603,2738
3325582,38997,2738
3325582,39863,2738
3325582,41170,2738
3325582,42331,2738
3325582,43979,2738
3325582,44180,2738
3325582,46230,2738
3325582,50666,2738
3325582,51002,2738
3325582,52822,2738
3325582,53934,2738
3325582,54436,2738
3325582,54880,2738
3325582,55007,2738
3325582,55654,2738
3325582,55796,2738
3325582,56624,2738
3325582,57718,2738
3325582,57842,2738
3325582,57952,2738
3325582,58574,2738
3325582,60216,2738
3325582,60308,2738
3325582,60678,2738
3325582,61168,2738
3325582,62862,2738
3325582,62976,2738
3325582,64091,2738
3325582,65768,2738
3325582,66504,2738
3325582,66606,2739
3325582,68926,2739
3325582,69181,2739
3325582,70311,2739
3325582,72790,2739
3325582,73217,2739
3325582,73397,2739
3325582,74250,2739
3325582,78831,2739
3325582,79127,2739
3325582,79568,2739
3325582,79589,2739
3325582,80718,2739
3325582,81266,2739
3325582,83310,2739
3325582,83395,2739
3325582,83486,2739
3325582,84090,2739
3325582,84513,2739
3325582,85151,2739
3325582,85849,2739
3325582,86592,2739
3325582,88927,2739
3325582,88953,2739
3325582,90471,2739
3325582,90513,2739
3325582,90845,2739
3325582,92154,2739
3325582,94074,2739
3325582,94806,2739
3325582,97574,2739
3325582,98568,2739
3325582,99952,2739
3325582,99999,2739
3325582,102148,2739
3325582,103461,2739
3325582,105240,2739
3325582,105370,2739
3325582,105835,2739
3325582,106282,2739
3325582,106521,2739
3325582,107006,2739
3325582,107746,2739
3325582,108293,2739
3325582,111891,2739
3325582,114407,2739
3325582,114738,2739
3325582,117487,2739
3325582,117511,2739
3325582,118878,2739
3325582,121542,2739
3325582,121754,2739
3325582,123628,2739
3325582,124572,2739
3325582,125481,2739
3325582,125629,2739
3325582,126904,2739
3325582,127424,2739
3325582,127594,2739
3325582,128211,2739
3325582,132100,2739
3325582,132740,2739
3325582,133386,2739
3325582,133644,2739
3325582,133931,2739
3325582,135993,2739
3325582,136502,2740
3325582,137417,2740
3325582,138139,2740
3325582,138352,2740
3325582,139134,2740
3325582,139386,2740
3325582,140035,2740
3325582,140731,2740
3325582,141286,2740
3325582,141287,2740
3325582,141315,2740
3325582,142729,2740
3325582,144024,2740
3325582,145431,2740
3325582,145517,2740
3325582,146515,2740
3325582,148409,2740
3325733,889,2740
3325733,4949,2740
3325733,6224,2740
3325733,11834,2740
3325733,11863,2740
3325733,13953,2740
3325733,23164,2740
3325733,23765,2740
3325733,24128,2740
3325733,28229,2740
3325733,28429,2740
3325733,29626,2740
3325733,32532,2740
3325733,34330,2740
3325733,34830,2740
3325733,35061,2740
3325733,35404,2740
3325733,36326,2740
3325733,36569,2740
3325733,36936,2740
3325733,37745,2740
3325733,39018,2740
3325733,42129,2740
3325733,42275,2740
3325733,42636,2740
3325733,42756,2740
3325733,46379,2740
3325733,48292,2740
3325733,48585,2740
3325733,49412,2740
3325733,54487,2740
3325733,54738,2740
3325733,68671,2740
3325733,69077,2740
3325733,69845,2740
3325733,73545,2740
3325733,74488,2740
3325733,74903,2740
3325733,75615,2740
3325733,76223,2740
3325733,77936,2740
3325733,80799,2740
3325733,81583,2740
3325733,82268,2740
3325733,82787,2740
3325733,84163,2740
3325733,90720,2740
3325733,91215,2740
3325733,92480,2740
3325733,100233,2741
3325733,103773,2741
3325733,104885,2741
3325733,104967,2741
3325733,106448,2741
3325733,108257,2741
3325733,110366,2741
3325733,127414,2741
3325733,131566,2741
3325733,132634,2741
3325733,133262,2741
3325733,134269,2741
3325733,134499,2741
3325733,134525,2741
3325733,136365,2741
3325733,137374,2741
3325733,140902,2741
3325733,141681,2741
3325733,145127,2741
3325733,148461,2741
3325886,4012,2737
3325886,4671,2737
3325886,8307,2737
3325886,8350,2737
3325886,9642,2737
3325886,10371,2737
3325886,15886,2737
3325886,25707,2737
3325886,30818,2737
3325886,34459,2737
3325886,38863,2737
3325886,41651,2737
3325886,46089,2737
3325886,46135,2737
3325886,49102,2737
3325886,49273,2737
3325886,51975,2737
3325886,58865,2737
3325886,59421,2737
3325886,61991,2737
3325886,63407,2737
3325886,68055,2737
3325886,69364,2737
3325886,70384,2737
3325886,71630,2737
3325886,74570,2737
3325886,76016,2737
3325886,83110,2737
3325886,83466,2737
3325886,84256,2737
3325886,87021,2737
3325886,88362,2737
3325886,90588,2737
3325886,93039,2737
3325886,96190,2737
3325886,96239,2737
3325886,102980,2737
3325886,105392,2737
3325886,108993,2737
3325886,109196,2737
3325886,119706,2737
3325886,120962,2737
3325886,121894,2737
3325886,131261,2737
3325886,132051,2737
3325886,132451,2737
3325886,135648,2737
3325886,136551,2737
3325886,138946,2737
3325886,139825,2737
3325886,141211,2737
3325886,142988,2737
3325886,143957,2737
3325886,144754,2737
3325886,145995,2737
3325886,146626,2738
3326252,2721,2747
3326252,7877,2747
leaf502.txt
