leaf
2565105,105668,481
2565105,107069,481
2565105,107600,481
2565105,108646,481
2565105,109551,481
2565105,113921,481
2565105,114007,481
2565105,114897,481
2565105,115239,481
2565105,119328,481
2565105,120474,481
2565105,121511,481
2565105,123343,481
2565105,123618,481
2565105,124506,481
2565105,127200,481
2565105,128185,481
2565105,130947,481
2565105,131091,481
2565105,134202,481
2565105,136174,481
2565105,137041,481
2565105,137772,481
2565105,142784,481
2565105,143791,481
2565105,143801,481
2565105,146352,482
2565105,148966,482
2565190,6024,478
2565190,11982,478
2565190,19005,478
2565190,23492,478
2565190,24603,478
2565190,29013,478
2565190,32683,478
2565190,34433,478
2565190,36720,478
2565190,40549,478
2565190,46678,478
2565190,46750,478
2565190,48522,478
2565190,50902,478
2565190,51501,478
2565190,54547,478
2565190,55841,478
2565190,58601,478
2565190,60323,478
2565190,62102,478
2565190,62427,478
2565190,65905,478
2565190,66598,478
2565190,68228,478
2565190,76934,478
2565190,81964,478
2565190,84123,478
2565190,84832,478
2565190,86731,478
2565190,87233,478
2565190,91658,478
2565190,93996,478
2565190,94663,478
2565190,95691,479
2565190,98749,479
2565190,99874,479
2565190,102879,479
2565190,103128,479
2565190,108258,479
2565190,109277,479
2565190,111889,479
2565190,116792,479
2565190,117320,479
2565190,117886,479
2565190,119731,479
2565190,121713,479
2565190,128108,479
2565190,128479,479
2565190,132667,479
2565190,135254,479
2565190,135673,479
2565190,142152,479
2565190,146583,479
2565190,146646,479
2565190,147157,479
2565364,5382,479
2565364,7836,479
2565364,14166,479
2565364,18122,479
2565364,20392,479
2565364,26258,479
2565364,27302,479
2565364,43111,479
2565364,45297,479
2565364,45450,479
2565364,45727,479
2565364,47792,479
2565364,52143,479
2565364,58877,479
2565364,71764,479
2565364,74015,479
2565364,81553,479
2565364,84708,479
2565364,85051,479
2565364,85201,479
2565364,87286,479
2565364,88217,479
2565364,91122,479
2565364,92506,479
2565364,94713,479
2565364,96027,479
2565364,96369,479
2565364,97635,479
2565364,98616,479
2565364,101891,479
2565364,106153,479
2565364,107646,479
2565364,107767,479
2565364,110331,479
2565364,111818,479
2565364,114407,479
2565364,117969,479
2565364,119614,479
2565364,121551,479
2565364,128497,479
2565364,129585,479
2565364,141013,479
2565364,141555,479
2565364,142402,479
2565364,142579,480
2565364,144012,480
2565364,146787,480
2565364,146976,480
2565364,149248,480
2565394,4901,480
2565394,6326,480
2565394,6812,480
2565394,11145,480
2565394,13464,480
2565394,18188,480
2565394,23365,480
2565394,28366,480
2565394,28853,480
2565394,51976,480
2565394,52985,480
2565394,54159,480
2565394,56160,480
2565394,56196,480
2565394,60269,480
2565394,62766,480
2565394,73958,480
2565394,88472,480
2565394,89317,480
2565394,94804,480
2565394,96951,480
2565394,99901,480
2565394,100333,480
2565394,106666,480
2565394,111920,480
2565394,116612,480
2565394,120034,480
2565394,120688,480
2565394,124826,480
2565394,134315,480
2565394,146291,480
2565646,513,475
2565646,3910,475
2565646,9417,475
2565646,9437,475
2565646,11173,475
2565646,11375,475
2565646,12387,475
2565646,19715,475
2565646,20928,475
2565646,23521,475
2565646,29419,475
2565646,29843,475
2565646,31463,476
2565646,32336,476
2565646,36107,476
2565646,36787,476
2565646,37414,476
2565646,38921,476
2565646,40017,476
2565646,41253,476
2565646,41897,476
2565646,43574,476
2565646,44353,476
2565646,46708,476
2565646,46847,476
2565646,47572,476
2565646,50224,476
2565646,52102,476
2565646,53967,476
2565646,54033,476
2565646,63021,476
2565646,65140,476
2565646,67631,476
2565646,70115,476
2565646,73573,476
2565646,80610,476
2565646,82130,476
2565646,84234,476
2565646,84806,476
2565646,86474,476
2565646,89310,476
2565646,95456,476
2565646,97785,476
2565646,101860,476
2565646,106291,476
2565646,106375,476
2565646,107561,476
2565646,108696,476
2565646,112034,476
2565646,113802,476
2565646,115647,476
2565646,116770,476
2565646,117413,476
2565646,120466,476
2565646,121591,476
2565646,126305,476
2565646,134241,476
2565646,137534,476
2565646,139594,476
2565646,140709,476
2565646,143296,476
2565646,143450,476
2565646,145473,476
2565646,146446,476
2565646,148573,476
2565822,2117,476
2565822,4230,476
2565822,7022,476
2565822,7185,476
2565822,7705,476
2565822,11204,476
2565822,11299,476
2565822,12799,476
2565822,12827,476
2565822,13295,476
2565822,13617,476
2565822,15654,476
2565822,18014,476
2565822,18301,477
2565822,18739,477
2565822,19222,477
2565822,20149,477
2565822,21020,477
2565822,22083,477
2565822,24136,477
2565822,24530,477
2565822,26219,477
2565822,29323,477
2565822,30910,477
2565822,31106,477
2565822,31181,477
2565822,31740,477
2565822,37245,477
2565822,39863,477
2565822,40468,477
2565822,41057,477
2565822,41700,477
2565822,41948,477
2565822,43075,477
2565822,43669,477
2565822,46343,477
2565822,47710,477
2565822,48904,477
2565822,49707,477
2565822,51437,477
2565822,52136,477
2565822,52667,477
2565822,53844,477
2565822,54757,477
2565822,55642,477
2565822,57198,477
2565822,58452,477
2565822,60877,477
2565822,66374,477
2565822,68827,477
2565822,70645,477
2565822,71776,477
2565822,71890,477
2565822,72167,477
2565822,75491,477
2565822,77802,477
2565822,79976,477
2565822,80927,477
2565822,81056,477
2565822,82597,477
2565822,84907,477
2565822,85370,477
2565822,85512,477
2565822,85804,477
2565822,86123,477
2565822,87053,477
2565822,88593,477
2565822,91413,477
2565822,94854,477
2565822,95075,477
2565822,97032,477
2565822,97407,477
2565822,98061,477
2565822,98786,477
2565822,99016,477
2565822,99914,477
2565822,100243,477
2565822,100899,477
2565822,102005,477
2565822,105025,478
2565822,106472,478
2565822,107745,478
2565822,108275,478
2565822,108412,478
2565822,109567,478
2565822,112529,478
2565822,115025,478
2565822,117441,478
2565822,118089,478
2565822,121303,478
2565822,121451,478
2565822,127702,478
2565822,129078,478
2565822,130620,478
2565822,130795,478
2565822,130878,478
2565822,132149,478
2565822,134090,478
2565822,134725,478
2565822,134871,478
2565822,135738,478
2565822,136381,478
2565822,140221,478
2565822,140336,478
2565822,141938,478
2565822,145477,478
2565822,145504,478
2565822,145932,478
2565822,146675,478
2565822,147237,478
2565822,148628,478
2565822,148831,478
2566090,504,486
2566090,10025,486
2566090,12017,486
2566090,17651,486
2566090,22096,486
2566090,31800,486
2566090,43553,486
2566090,56870,486
2566090,57897,486
2566090,67635,486
2566090,70114,486
2566090,76176,486
2566090,78783,486
2566090,86173,486
2566090,93176,486
2566090,104441,486
2566090,112615,486
2566090,114900,486
2566090,118516,486
2566090,119923,486
2566090,122589,486
leaf89.txt
