leaf
3087769,10813,2023
3087769,13586,2023
3087769,14181,2023
3087769,15769,2023
3087769,17614,2023
3087769,17843,2023
3087769,19291,2023
3087769,21460,2023
3087769,23225,2023
3087769,25551,2023
3087769,30364,2023
3087769,30586,2023
3087769,30695,2023
3087769,30819,2023
3087769,31155,2023
3087769,31509,2023
3087769,34933,2023
3087769,36547,2023
3087769,37510,2023
3087769,37918,2023
3087769,37986,2023
3087769,38243,2023
3087769,38859,2023
3087769,38898,2023
3087769,41394,2023
3087769,41641,2023
3087769,42833,2023
3087769,44094,2023
3087769,44476,2023
3087769,49666,2023
3087769,49967,2023
3087769,50519,2023
3087769,51073,2023
3087769,51943,2023
3087769,53983,2023
3087769,55109,2024
3087769,56723,2024
3087769,56836,2024
3087769,57609,2024
3087769,57926,2024
3087769,60395,2024
3087769,65603,2024
3087769,68792,2024
3087769,69734,2024
3087769,70473,2024
3087769,81150,2024
3087769,81690,2024
3087769,82307,2024
3087769,84234,2024
3087769,87745,2024
3087769,92251,2024
3087769,92268,2024
3087769,94969,2024
3087769,95343,2024
3087769,96288,2024
3087769,96551,2024
3087769,96791,2024
3087769,97064,2024
3087769,97451,2024
3087769,98672,2024
3087769,98727,2024
3087769,99723,2024
3087769,100044,2024
3087769,100890,2024
3087769,102384,2024
3087769,102689,2024
3087769,103402,2024
3087769,103747,2024
3087769,105025,2024
3087769,106471,2024
3087769,106914,2024
3087769,107217,2024
3087769,107902,2024
3087769,110354,2024
3087769,112059,2024
3087769,112121,2024
3087769,112288,2024
3087769,112848,2024
3087769,113277,2024
3087769,113297,2024
3087769,114628,2024
3087769,114710,2024
3087769,114790,2024
3087769,117900,2024
3087769,119393,2024
3087769,121175,2024
3087769,124850,2024
3087769,125123,2024
3087769,126044,2024
3087769,126150,2024
3087769,126329,2024
3087769,126980,2024
3087769,127031,2024
3087769,127952,2024
3087769,130980,2024
3087769,131744,2024
3087769,133465,2024
3087769,134170,2024
3087769,134358,2024
3087769,135991,2024
3087769,136004,2024
3087769,136750,2025
3087769,137454,2025
3087769,137558,2025
3087769,137598,2025
3087769,137673,2025
3087769,138602,2025
3087769,139189,2025
3087769,140035,2025
3087769,141326,2025
3087769,144028,2025
3087769,144637,2025
3087769,145099,2025
3087769,149323,2025
3088669,1061,2026
3088669,4319,2026
3088669,5915,2026
3088669,6520,2026
3088669,7211,2026
3088669,10709,2026
3088669,10713,2026
3088669,12841,2026
3088669,14372,2026
3088669,16850,2026
3088669,19176,2026
3088669,24898,2026
3088669,25345,2026
3088669,28120,2026
3088669,28318,2026
3088669,34793,2026
3088669,34905,2026
3088669,35071,2026
3088669,35938,2026
3088669,37287,2026
3088669,37413,2026
3088669,39834,2026
3088669,40324,2026
3088669,42244,2026
3088669,43083,2026
3088669,45462,2026
3088669,45978,2026
3088669,46981,2026
3088669,47237,2026
3088669,47911,2026
3088669,48929,2026
3088669,51307,2027
3088669,52743,2027
3088669,53232,2027
3088669,53808,2027
3088669,54079,2027
3088669,56086,2027
3088669,56442,2027
3088669,57771,2027
3088669,58827,2027
3088669,58866,2027
3088669,58875,2027
3088669,61843,2027
3088669,66142,2027
3088669,66782,2027
3088669,67571,2027
3088669,67576,2027
3088669,70686,2027
3088669,72084,2027
3088669,72712,2027
3088669,73492,2027
3088669,73496,2027
3088669,74471,2027
3088669,74496,2027
3088669,78347,2027
3088669,80148,2027
3088669,80373,2027
3088669,85859,2027
3088669,87323,2027
3088669,88520,2027
3088669,89286,2027
3088669,91584,2027
3088669,93374,2027
3088669,93574,2027
3088669,95129,2027
3088669,95387,2027
3088669,95485,2027
3088669,97425,2027
3088669,98525,2027
3088669,101136,2027
3088669,101227,2027
3088669,102441,2027
3088669,107144,2027
3088669,110784,2027
3088669,111264,2027
3088669,112742,2027
3088669,113961,2027
3088669,115113,2027
3088669,118908,2027
3088669,119908,2027
3088669,121611,2027
3088669,123956,2027
3088669,124774,2027
3088669,126687,2027
3088669,127002,2027
3088669,127801,2027
3088669,128648,2027
3088669,128819,2027
3088669,128853,2027
3088669,129960,2027
3088669,130898,2027
3088669,131065,2027
3088669,131088,2027
3088669,131341,2027
3088669,131434,2027
3088669,134669,2027
3088669,135040,2027
3088669,138938,2028
3088669,139365,2028
3088669,140437,2028
3088669,142697,2028
3088669,143747,2028
3088669,144148,2028
3088669,146332,2028
3088669,146972,2028
3088767,1342,2028
3088767,1830,2028
3088767,2847,2028
3088767,6056,2028
3088767,6286,2028
3088767,12643,2028
3088767,13011,2028
3088767,16268,2028
3088767,18952,2028
3088767,25253,2028
3088767,25352,2028
3088767,31471,2028
3088767,31502,2028
3088767,34331,2028
3088767,36291,2028
3088767,37561,2028
3088767,38350,2028
3088767,38693,2028
3088767,39331,2028
3088767,42297,2028
3088767,43215,2028
3088767,45884,2028
3088767,46595,2028
3088767,49340,2028
3088767,50180,2028
3088767,51666,2028
3088767,54438,2028
3088767,55317,2028
3088767,58254,2028
3088767,65967,2028
3088767,67495,2028
3088767,73364,2028
3088767,77721,2028
3088767,80188,2028
3088767,82790,2028
3088767,83282,2028
3088767,83485,2028
3088767,83962,2028
3088767,86558,2028
3088767,87463,2028
3088767,87812,2028
3088767,92650,2028
3088767,92763,2028
3088767,93070,2028
3088767,97429,2028
3088767,102206,2028
3088767,102491,2028
3088767,103092,2028
3088767,106185,2028
3088767,122534,2028
3088767,122712,2028
3088767,125043,2028
3088767,127245,2028
3088767,130529,2028
3088767,139765,2028
3088767,145207,2028
3088767,148395,2028
3088767,148548,2028
3088874,508,2030
3088874,729,2030
3088874,6307,2030
3088874,6420,2030
3088874,6436,2030
3088874,10864,2030
3088874,11457,2030
3088874,14056,2030
3088874,14862,2030
3088874,16513,2030
3088874,24536,2030
3088874,26639,2030
3088874,29605,2030
3088874,31229,2030
3088874,36181,2030
3088874,40494,2030
3088874,43213,2030
3088874,47792,2030
3088874,49019,2030
3088874,51267,2030
3088874,54913,2030
3088874,55274,2030
3088874,63093,2030
3088874,64125,2030
3088874,67856,2030
3088874,68020,2030
3088874,70117,2030
3088874,74275,2030
3088874,77624,2030
3088874,78029,2030
3088874,80121,2030
3088874,84672,2030
3088874,85901,2030
3088874,86216,2030
3088874,88336,2030
3088874,88452,2030
3088874,91257,2030
3088874,91851,2030
3088874,91917,2030
3088874,92670,2030
3088874,99161,2030
3088874,101222,2030
3088874,101354,2031
3088874,103364,2031
3088874,103660,2031
3088874,106949,2031
3088874,109952,2031
3088874,110477,2031
3088874,123609,2031
3088874,139454,2031
3088874,141243,2031
3088982,1538,2029
3088982,2305,2029
3088982,3301,2029
3088982,4676,2029
3088982,5000,2029
3088982,6030,2029
3088982,9398,2029
3088982,10571,2029
3088982,11086,2029
3088982,12783,2029
3088982,16045,2029
3088982,18025,2029
3088982,18122,2029
3088982,20192,2029
3088982,20707,2029
3088982,20836,2029
3088982,20846,2029
3088982,21070,2029
3088982,22397,2029
3088982,29327,2029
3088982,36065,2029
3088982,36771,2029
3088982,43678,2029
3088982,43699,2029
3088982,44603,2029
3088982,45981,2029
3088982,47104,2029
3088982,48986,2029
3088982,50995,2029
3088982,51002,2029
3088982,51500,2029
3088982,51961,2029
3088982,56391,2029
leaf372.txt
