leaf
3424333,113543,3270
3424333,113642,3270
3424333,115792,3270
3424333,120624,3270
3424333,121626,3270
3424333,122142,3270
3424333,123757,3270
3424333,125985,3270
3424333,127625,3270
3424333,128719,3270
3424333,129105,3270
3424333,130547,3270
3424333,131239,3270
3424333,131615,3270
3424333,134429,3270
3424333,137412,3270
3424333,138946,3270
3424333,143121,3270
3424333,144298,3270
3424333,144732,3270
3424333,146186,3270
3424333,147502,3270
3424333,147828,3270
3424333,148458,3270
3424333,148533,3270
3424333,149046,3270
3424488,52,3270
3424488,4739,3270
3424488,7112,3270
3424488,8964,3270
3424488,9059,3270
3424488,12036,3270
3424488,14209,3270
3424488,16548,3270
3424488,17171,3270
3424488,17212,3270
3424488,17304,3270
3424488,17879,3270
3424488,19201,3270
3424488,19581,3270
3424488,22150,3270
3424488,24281,3270
3424488,24831,3270
3424488,25782,3270
3424488,25935,3270
3424488,30635,3270
3424488,31559,3270
3424488,32816,3270
3424488,32922,3270
3424488,39353,3270
3424488,40129,3270
3424488,40212,3270
3424488,40369,3270
3424488,40795,3270
3424488,41016,3270
3424488,41301,3270
3424488,42071,3270
3424488,44232,3270
3424488,45827,3270
3424488,50012,3271
3424488,51078,3271
3424488,51888,3271
3424488,53700,3271
3424488,59930,3271
3424488,60984,3271
3424488,61104,3271
3424488,62307,3271
3424488,64258,3271
3424488,66399,3271
3424488,66591,3271
3424488,66648,3271
3424488,67738,3271
3424488,68712,3271
3424488,70028,3271
3424488,72916,3271
3424488,75212,3271
3424488,75390,3271
3424488,76623,3271
3424488,77040,3271
3424488,78883,3271
3424488,78962,3271
3424488,79409,3271
3424488,89592,3271
3424488,91431,3271
3424488,92427,3271
3424488,94183,3271
3424488,94348,3271
3424488,96835,3271
3424488,97366,3271
3424488,97833,3271
3424488,103515,3271
3424488,103637,3271
3424488,104110,3271
3424488,106061,3271
3424488,107709,3271
3424488,109531,3271
3424488,111723,3271
3424488,112507,3271
3424488,113173,3271
3424488,116009,3271
3424488,116299,3271
3424488,117090,3271
3424488,117746,3271
3424488,121177,3271
3424488,123119,3271
3424488,124680,3271
3424488,124921,3271
3424488,125589,3271
3424488,128228,3271
3424488,128561,3271
3424488,133075,3271
3424488,133937,3271
3424488,136026,3271
3424488,136431,3271
3424488,137265,3271
3424488,141455,3271
3424488,143027,3271
3424510,677,3258
3424510,1272,3258
3424510,6580,3258
3424510,7505,3258
3424510,7774,3258
3424510,11479,3258
3424510,13022,3258
3424510,13299,3258
3424510,15301,3258
3424510,19021,3258
3424510,23930,3258
3424510,27649,3258
3424510,28030,3258
3424510,29531,3258
3424510,30505,3258
3424510,30986,3258
3424510,31245,3258
3424510,31571,3258
3424510,37303,3258
3424510,38226,3258
3424510,38243,3258
3424510,39640,3258
3424510,41000,3258
3424510,41840,3258
3424510,44889,3258
3424510,46420,3258
3424510,47792,3258
3424510,48517,3258
3424510,49617,3258
3424510,49802,3258
3424510,50266,3258
3424510,50451,3258
3424510,54097,3258
3424510,56461,3258
3424510,58887,3258
3424510,63625,3258
3424510,63753,3258
3424510,64602,3258
3424510,65344,3258
3424510,66457,3258
3424510,66606,3258
3424510,68500,3258
3424510,69847,3258
3424510,69947,3259
3424510,70163,3259
3424510,70686,3259
3424510,73039,3259
3424510,73933,3259
3424510,74447,3259
3424510,75123,3259
3424510,75178,3259
3424510,76181,3259
3424510,76561,3259
3424510,78749,3259
3424510,78830,3259
3424510,81717,3259
3424510,85957,3259
3424510,88250,3259
3424510,88491,3259
3424510,88953,3259
3424510,90513,3259
3424510,91601,3259
3424510,92544,3259
3424510,93704,3259
3424510,96620,3259
3424510,97769,3259
3424510,104580,3259
3424510,107438,3259
3424510,108444,3259
3424510,112487,3259
3424510,113575,3259
3424510,114407,3259
3424510,116532,3259
3424510,116814,3259
3424510,117149,3259
3424510,117291,3259
3424510,117661,3259
3424510,118334,3259
3424510,120835,3259
3424510,121066,3259
3424510,121451,3259
3424510,121542,3259
3424510,124572,3259
3424510,128586,3259
3424510,128879,3259
3424510,130296,3259
3424510,131087,3259
3424510,133558,3259
3424510,134829,3259
3424510,136297,3259
3424510,138352,3259
3424510,138869,3259
3424510,139219,3259
3424510,140201,3259
3424510,141847,3259
3424510,146848,3259
3424510,147238,3259
3424510,148207,3259
3424582,4442,3259
3424582,7127,3259
3424582,8315,3259
3424582,16098,3259
3424582,19189,3259
3424582,21829,3259
3424582,28181,3259
3424582,32523,3259
3424582,33480,3259
3424582,36326,3259
3424582,39661,3259
3424582,42628,3260
3424582,57012,3260
3424582,61193,3260
3424582,65907,3260
3424582,66887,3260
3424582,80449,3260
3424582,80459,3260
3424582,80716,3260
3424582,83481,3260
3424582,89941,3260
3424582,91412,3260
3424582,113495,3260
3424582,116464,3260
3424582,117104,3260
3424582,120742,3260
3424582,121949,3260
3424582,125269,3260
3424582,126189,3260
3424582,129457,3260
3424582,144716,3260
3424582,146204,3260
3424582,146973,3260
3424779,1201,3266
3424779,14667,3266
3424779,19133,3266
3424779,19814,3266
3424779,23456,3266
3424779,28406,3266
3424779,32204,3266
3424779,41469,3266
3424779,42255,3266
3424779,43151,3266
3424779,55905,3266
3424779,61585,3266
3424779,64370,3266
3424779,67248,3266
3424779,73561,3267
3424779,75654,3267
3424779,102113,3267
3424779,104207,3267
3424779,106620,3267
3424779,107054,3267
3424779,116901,3267
3424779,120090,3267
3424779,120184,3267
3424779,122731,3267
3424779,124671,3267
3424779,130440,3267
3424779,130859,3267
3424779,133870,3267
3424779,143238,3267
3424779,143538,3267
3424791,655,3265
3424791,1847,3265
3424791,2665,3265
3424791,3413,3265
3424791,4460,3265
3424791,4821,3265
3424791,6108,3265
3424791,8431,3265
3424791,10039,3265
3424791,10080,3265
3424791,10792,3265
3424791,11098,3265
3424791,11318,3265
3424791,13855,3265
3424791,15152,3265
3424791,15983,3265
3424791,16251,3265
3424791,16933,3265
3424791,19464,3265
3424791,22777,3265
3424791,24800,3265
3424791,26095,3265
3424791,27116,3265
3424791,27292,3265
3424791,27811,3265
3424791,28782,3265
3424791,35558,3265
3424791,37429,3265
3424791,39382,3265
3424791,43407,3265
3424791,47190,3265
3424791,47766,3265
3424791,49730,3265
3424791,52564,3265
3424791,52749,3265
3424791,52766,3265
3424791,53885,3265
3424791,54540,3265
3424791,55218,3266
3424791,56447,3266
3424791,56764,3266
3424791,57483,3266
3424791,64689,3266
3424791,67960,3266
3424791,69709,3266
3424791,70953,3266
3424791,74533,3266
3424791,75426,3266
3424791,77254,3266
3424791,80683,3266
3424791,81189,3266
3424791,81566,3266
3424791,82483,3266
3424791,82512,3266
3424791,82594,3266
3424791,82595,3266
3424791,82604,3266
3424791,84664,3266
3424791,88467,3266
3424791,91031,3266
3424791,92061,3266
3424791,94413,3266
3424791,97074,3266
3424791,99562,3266
3424791,103456,3266
3424791,103545,3266
3424791,105404,3266
3424791,107650,3266
3424791,110418,3266
3424791,111005,3266
3424791,111667,3266
3424791,113710,3266
3424791,114072,3266
3424791,118353,3266
3424791,118791,3266
3424791,120713,3266
3424791,121926,3266
3424791,122809,3266
3424791,122830,3266
3424791,124923,3266
3424791,127166,3266
3424791,127907,3266
3424791,129309,3266
leaf599.txt
