leaf
2607080,26819,623
2607080,27793,623
2607080,37238,623
2607080,42209,623
2607080,45595,623
2607080,52973,623
2607080,71005,623
2607080,71072,623
2607080,72204,623
2607080,76167,623
2607080,76962,623
2607080,79354,623
2607080,84468,623
2607080,85243,623
2607080,86595,623
2607080,87426,623
2607080,88312,623
2607080,91390,623
2607080,96532,623
2607080,97103,623
2607080,104500,623
2607080,105330,623
2607080,106881,623
2607080,126351,623
2607080,136113,623
2607080,143093,624
2607080,149313,624
2607192,135,619
2607192,580,619
2607192,756,619
2607192,878,619
2607192,9901,619
2607192,13035,619
2607192,19337,619
2607192,23965,619
2607192,26091,619
2607192,27961,619
2607192,29873,619
2607192,32082,619
2607192,32167,619
2607192,35162,619
2607192,36735,619
2607192,36833,619
2607192,37724,619
2607192,38255,619
2607192,41026,619
2607192,41210,619
2607192,46392,619
2607192,47351,619
2607192,49320,619
2607192,51775,619
2607192,53152,619
2607192,54890,619
2607192,55062,619
2607192,55554,619
2607192,57965,619
2607192,61484,619
2607192,61536,619
2607192,66751,619
2607192,70451,619
2607192,72248,619
2607192,72938,619
2607192,73341,619
2607192,77796,619
2607192,79032,619
2607192,86994,619
2607192,89928,619
2607192,90458,619
2607192,91024,619
2607192,94736,619
2607192,95151,619
2607192,96375,619
2607192,96699,619
2607192,99228,619
2607192,102266,619
2607192,103545,619
2607192,108080,619
2607192,110170,619
2607192,111176,619
2607192,112594,619
2607192,114633,619
2607192,114893,619
2607192,115369,619
2607192,120999,619
2607192,124238,619
2607192,124798,619
2607192,125118,619
2607192,129916,619
2607192,132631,619
2607192,136943,619
2607192,137520,619
2607192,138263,619
2607192,138855,619
2607192,139862,620
2607192,142549,620
2607192,142646,620
2607192,145142,620
2607192,145296,620
2607192,145918,620
2607192,147693,620
2607517,2182,622
2607517,2378,622
2607517,9086,622
2607517,9300,622
2607517,10642,622
2607517,11944,622
2607517,13671,622
2607517,15843,622
2607517,19179,622
2607517,20822,622
2607517,21156,622
2607517,22161,622
2607517,27565,622
2607517,28912,622
2607517,29951,622
2607517,30927,622
2607517,33603,622
2607517,37241,622
2607517,38648,622
2607517,42295,622
2607517,43479,622
2607517,44282,622
2607517,50780,622
2607517,54960,622
2607517,55105,622
2607517,57111,622
2607517,57638,622
2607517,57963,622
2607517,64161,622
2607517,65646,622
2607517,66017,622
2607517,70152,622
2607517,71305,623
2607517,74555,623
2607517,79375,623
2607517,86952,623
2607517,87174,623
2607517,87560,623
2607517,92072,623
2607517,92347,623
2607517,101009,623
2607517,103377,623
2607517,103967,623
2607517,104495,623
2607517,106499,623
2607517,108046,623
2607517,108186,623
2607517,110267,623
2607517,110559,623
2607517,114007,623
2607517,114735,623
2607517,115551,623
2607517,115632,623
2607517,118927,623
2607517,120225,623
2607517,120363,623
2607517,122945,623
2607517,123386,623
2607517,124241,623
2607517,128325,623
2607517,131064,623
2607517,132381,623
2607517,135450,623
2607517,138600,623
2607517,141250,623
2607517,141415,623
2607517,142940,623
2607535,3368,624
2607535,6320,624
2607535,6423,624
2607535,11699,624
2607535,13558,624
2607535,14050,624
2607535,20351,624
2607535,22440,624
2607535,23886,624
2607535,28482,624
2607535,35761,624
2607535,41144,624
2607535,47229,624
2607535,51061,624
2607535,51076,624
2607535,52392,624
2607535,58729,624
2607535,60325,624
2607535,60917,624
2607535,64428,624
2607535,66248,624
2607535,66769,624
2607535,67546,624
2607535,69939,624
2607535,73274,624
2607535,74250,624
2607535,75267,624
2607535,87937,624
2607535,90917,624
2607535,91581,624
2607535,91662,624
2607535,95737,624
2607535,97478,624
2607535,102427,624
2607535,113376,624
2607535,118947,624
2607535,122072,624
2607535,127181,624
2607535,133485,624
2607703,5866,627
2607703,9411,627
2607703,20641,627
2607703,20664,627
2607703,22579,627
2607703,30904,627
2607703,32796,627
2607703,35383,627
2607703,38284,627
2607703,58626,627
2607703,65384,627
2607703,65561,627
2607703,72405,627
2607703,73113,627
2607703,77802,627
2607703,91572,627
2607703,98972,627
2607703,111229,627
2607703,115722,627
2607703,120255,627
2607703,120742,627
2607703,121411,627
2607703,124006,627
2607703,124722,627
2607703,125471,627
2607703,125951,627
2607703,129002,627
2607703,143475,627
2607725,1095,625
2607725,2525,625
2607725,3417,625
2607725,4921,625
2607725,5625,625
2607725,5729,625
2607725,7699,625
2607725,12186,625
2607725,12985,625
2607725,14032,625
2607725,14572,625
2607725,14845,625
2607725,16519,625
2607725,18986,625
2607725,20613,625
2607725,21032,625
2607725,22360,625
2607725,23621,625
2607725,23715,625
2607725,24869,625
2607725,25574,625
2607725,26711,625
2607725,27089,625
2607725,27684,625
2607725,29627,625
2607725,33914,625
2607725,34317,625
2607725,34328,625
2607725,36965,625
2607725,37453,625
2607725,37726,625
2607725,38398,625
2607725,41768,625
2607725,43279,625
2607725,43618,625
2607725,45094,625
2607725,46160,625
2607725,48436,625
2607725,48902,625
2607725,49161,625
2607725,50750,625
2607725,54585,625
2607725,55684,626
2607725,57515,626
2607725,57644,626
2607725,58408,626
2607725,58662,626
2607725,58990,626
2607725,60140,626
2607725,60468,626
2607725,60601,626
2607725,61385,626
2607725,64654,626
2607725,65126,626
2607725,66432,626
2607725,68956,626
2607725,70230,626
2607725,73692,626
2607725,74828,626
2607725,78976,626
2607725,79453,626
2607725,81479,626
2607725,81611,626
2607725,84228,626
2607725,84957,626
2607725,86981,626
2607725,88364,626
2607725,89250,626
2607725,89823,626
2607725,90169,626
2607725,91058,626
2607725,91584,626
2607725,94424,626
2607725,94622,626
2607725,95410,626
2607725,98752,626
2607725,100018,626
2607725,100622,626
2607725,101822,626
2607725,102658,626
2607725,104734,626
2607725,106618,626
2607725,106812,626
2607725,106820,626
2607725,107008,626
2607725,107746,626
2607725,109038,626
2607725,110141,626
2607725,110273,626
2607725,111235,626
2607725,113554,626
2607725,115340,626
2607725,116449,626
2607725,116535,626
2607725,116605,626
2607725,118646,626
2607725,121231,626
2607725,121263,626
2607725,122218,626
2607725,125650,626
2607725,129919,626
2607725,131062,626
2607725,131302,626
2607725,132873,626
2607725,133405,626
2607725,134261,626
2607725,134829,626
2607725,136385,626
2607725,138718,627
2607725,139629,627
2607725,140175,627
2607725,140946,627
2607725,143843,627
2607725,145238,627
2607725,145452,627
2607725,146158,627
2607725,148346,627
2607725,149243,627
2607735,444,621
2607735,916,621
2607735,2770,621
2607735,4804,621
2607735,5852,621
2607735,6045,621
2607735,6825,621
2607735,9312,621
2607735,10807,621
leaf115.txt
