leaf
2426093,141266,12
2426093,141737,12
2426093,142066,12
2426093,143295,12
2426093,146092,12
2426093,147398,12
2426232,446,10
2426232,2514,10
2426232,4025,10
2426232,8162,10
2426232,11885,10
2426232,19758,10
2426232,24444,10
2426232,26493,10
2426232,33217,11
2426232,35789,11
2426232,35829,11
2426232,35844,11
2426232,44221,11
2426232,47407,11
2426232,48524,11
2426232,52962,11
2426232,54908,11
2426232,59529,11
2426232,63483,11
2426232,66748,11
2426232,72526,11
2426232,72652,11
2426232,72770,11
2426232,74293,11
2426232,77939,11
2426232,80565,11
2426232,85111,11
2426232,86536,11
2426232,89684,11
2426232,89993,11
2426232,90945,11
2426232,92758,11
2426232,96257,11
2426232,96300,11
2426232,98299,11
2426232,101731,11
2426232,102526,11
2426232,102610,11
2426232,102872,11
2426232,104198,11
2426232,106195,11
2426232,108557,11
2426232,109009,11
2426232,110068,11
2426232,116198,11
2426232,118529,11
2426232,118668,11
2426232,118705,11
2426232,119280,11
2426232,120623,11
2426232,123706,11
2426232,127095,11
2426232,133585,11
2426232,133610,11
2426232,134146,11
2426232,139808,11
2426232,142972,11
2426232,143389,11
2426232,145512,11
2426232,147036,11
2426913,452,12
2426913,3887,12
2426913,4868,12
2426913,5104,13
2426913,5444,13
2426913,5824,13
2426913,6130,13
2426913,7989,13
2426913,8108,13
2426913,11052,13
2426913,12121,13
2426913,12490,13
2426913,17091,13
2426913,17308,13
2426913,18171,13
2426913,18343,13
2426913,18921,13
2426913,19286,13
2426913,19862,13
2426913,20520,13
2426913,22029,13
2426913,25156,13
2426913,26497,13
2426913,28113,13
2426913,30222,13
2426913,31520,13
2426913,35038,13
2426913,35364,13
2426913,37002,13
2426913,37257,13
2426913,42605,13
2426913,43227,13
2426913,43851,13
2426913,46160,13
2426913,49955,13
2426913,50730,13
2426913,50884,13
2426913,54517,13
2426913,54861,13
2426913,57093,13
2426913,63455,13
2426913,63683,13
2426913,63985,13
2426913,64663,13
2426913,65383,13
2426913,65474,13
2426913,65766,13
2426913,66689,13
2426913,67796,13
2426913,68048,13
2426913,70473,13
2426913,72261,13
2426913,72856,13
2426913,80437,13
2426913,81573,13
2426913,81703,13
2426913,81721,13
2426913,82000,13
2426913,84394,13
2426913,87323,13
2426913,89079,13
2426913,90938,13
2426913,91074,13
2426913,93426,13
2426913,94578,13
2426913,96122,13
2426913,97796,13
2426913,103226,13
2426913,111869,13
2426913,115119,14
2426913,122256,14
2426913,123030,14
2426913,123769,14
2426913,124293,14
2426913,127606,14
2426913,127865,14
2426913,131015,14
2426913,131832,14
2426913,132052,14
2426913,133608,14
2426913,135649,14
2426913,142440,14
2426913,142490,14
2426913,145114,14
2426913,145312,14
2426913,146991,14
2426913,147834,14
2426913,148745,14
2427129,1831,15
2427129,2849,15
2427129,7378,15
2427129,11362,15
2427129,13209,15
2427129,14453,15
2427129,15745,15
2427129,18294,15
2427129,19494,15
2427129,38247,15
2427129,44497,15
2427129,50155,15
2427129,57617,15
2427129,57717,15
2427129,62137,15
2427129,66748,15
2427129,67489,15
2427129,70724,15
2427129,71831,15
2427129,79263,15
2427129,86281,15
2427129,86352,15
2427129,99312,15
2427129,102872,15
2427129,104365,15
2427129,107555,15
2427129,113200,15
2427129,116853,15
2427129,124289,15
2427129,128595,15
2427129,135406,15
2427129,143097,15
2427236,2068,14
2427236,4133,14
2427236,7774,14
2427236,11460,14
2427236,11505,14
2427236,11760,14
2427236,12231,14
2427236,20454,14
2427236,21933,14
2427236,27233,14
2427236,27263,14
2427236,27888,14
2427236,29678,14
2427236,40487,14
2427236,41191,14
2427236,42449,14
2427236,50314,14
2427236,52466,14
2427236,55036,14
2427236,55498,14
2427236,63708,14
2427236,69771,14
2427236,70484,14
2427236,70693,14
2427236,72172,14
2427236,73605,14
2427236,76525,14
2427236,79893,14
2427236,80470,14
2427236,86493,14
2427236,92972,14
2427236,93728,14
2427236,95617,14
2427236,98353,14
2427236,102879,14
2427236,103857,14
2427236,108781,14
2427236,109032,14
2427236,109311,14
2427236,114288,14
2427236,117324,14
2427236,118051,14
2427236,119566,14
2427236,128836,14
2427236,130215,14
2427236,131264,14
2427236,132508,14
2427236,136343,15
2427236,139319,15
2427236,142240,15
2427236,142741,15
2427236,147383,15
2427844,625,15
2427844,1019,15
2427844,7760,15
2427844,9091,15
2427844,9249,15
2427844,10899,15
2427844,12282,15
2427844,17554,15
2427844,21018,15
2427844,23847,15
2427844,28090,15
2427844,46667,15
2427844,47021,15
2427844,47180,15
2427844,47426,15
2427844,56740,15
2427844,56840,15
2427844,58151,15
2427844,62452,15
2427844,62455,15
2427844,65937,15
2427844,66174,15
2427844,67855,15
2427844,67936,15
2427844,74567,15
2427844,77597,15
2427844,84694,15
2427844,88203,15
2427844,92630,15
2427844,96461,16
2427844,98782,16
2427844,103466,16
2427844,108201,16
2427844,109432,16
2427844,111151,16
2427844,115227,16
2427844,115848,16
2427844,121932,16
2427844,125847,16
2427844,131578,16
2427844,136326,16
2427844,136736,16
2427844,139578,16
2427844,139643,16
2427844,140436,16
2427844,142023,16
2427844,144661,16
2428402,3683,16
2428402,4214,16
2428402,6823,16
2428402,9029,16
2428402,12831,16
2428402,13437,16
2428402,17744,16
2428402,18449,16
2428402,30884,16
2428402,32757,16
2428402,34701,16
2428402,35832,16
2428402,36281,16
2428402,41472,16
2428402,46848,16
2428402,47988,16
2428402,48399,16
2428402,49053,16
2428402,51508,16
2428402,55273,16
2428402,55703,16
2428402,57902,16
2428402,63808,16
2428402,66594,16
2428402,73321,16
2428402,76392,16
2428402,77447,16
2428402,77969,16
2428402,78328,16
2428402,79819,16
2428402,80157,16
2428402,81558,16
2428402,82537,16
2428402,82687,16
2428402,83766,16
2428402,86506,16
2428402,90445,16
2428402,90742,16
2428402,91597,16
2428402,95554,16
2428402,96122,16
2428402,96839,16
2428402,97811,16
2428402,108602,16
2428402,109152,16
2428402,110145,16
2428402,113239,16
2428402,114306,16
2428402,117129,17
2428402,117265,17
2428402,126633,17
2428402,127379,17
2428402,129198,17
2428402,131977,17
2428402,132067,17
2428402,146594,17
2428459,2027,17
2428459,7976,17
2428459,13984,17
2428459,15221,17
2428459,17271,17
2428459,23474,17
2428459,25580,17
2428459,29529,17
2428459,33559,17
2428459,34854,17
2428459,39901,17
2428459,43339,17
2428459,46354,17
2428459,50619,17
2428459,52529,17
2428459,52628,17
2428459,55351,17
2428459,61936,17
2428459,64756,17
2428459,66760,17
leaf4.txt
