leaf
3110914,58953,2101
3110914,60678,2101
3110914,63903,2101
3110914,64490,2101
3110914,67061,2101
3110914,67674,2101
3110914,69472,2101
3110914,69642,2101
3110914,70955,2101
3110914,76098,2101
3110914,78083,2101
3110914,79644,2101
3110914,81021,2101
3110914,81133,2101
3110914,81287,2101
3110914,83256,2101
3110914,83257,2101
3110914,84110,2101
3110914,85512,2101
3110914,86172,2101
3110914,88969,2101
3110914,89185,2101
3110914,89693,2101
3110914,93365,2101
3110914,95456,2101
3110914,96675,2101
3110914,101222,2101
3110914,101756,2101
3110914,101808,2101
3110914,102567,2101
3110914,106194,2101
3110914,110065,2101
3110914,112114,2101
3110914,112685,2101
3110914,113879,2101
3110914,114112,2101
3110914,115480,2101
3110914,116312,2101
3110914,119319,2101
3110914,120385,2101
3110914,121716,2101
3110914,122833,2102
3110914,124452,2102
3110914,131889,2102
3110914,132632,2102
3110914,136891,2102
3111138,4440,2102
3111138,7959,2102
3111138,10540,2102
3111138,10826,2102
3111138,16326,2102
3111138,27689,2102
3111138,30641,2102
3111138,32939,2102
3111138,33988,2102
3111138,42711,2102
3111138,61065,2102
3111138,67191,2102
3111138,78871,2102
3111138,81109,2102
3111138,83434,2102
3111138,85543,2102
3111138,86631,2102
3111138,89341,2102
3111138,95399,2102
3111138,97058,2102
3111138,98284,2102
3111138,106014,2102
3111138,110902,2102
3111138,113686,2102
3111138,116379,2102
3111138,121947,2102
3111138,125694,2102
3111138,127291,2102
3111138,130528,2102
3111138,136291,2102
3111138,145138,2102
3111138,148853,2102
3111451,622,2102
3111451,1705,2102
3111451,2062,2102
3111451,5423,2102
3111451,11698,2102
3111451,12124,2102
3111451,14230,2102
3111451,15949,2102
3111451,16932,2102
3111451,17478,2102
3111451,19600,2102
3111451,21122,2102
3111451,22220,2102
3111451,27576,2102
3111451,28001,2102
3111451,28604,2102
3111451,29766,2102
3111451,30732,2102
3111451,32002,2102
3111451,32372,2102
3111451,36809,2102
3111451,37797,2102
3111451,38847,2102
3111451,40983,2102
3111451,44169,2102
3111451,44517,2102
3111451,46879,2102
3111451,48108,2102
3111451,50688,2102
3111451,60301,2103
3111451,61655,2103
3111451,62939,2103
3111451,65640,2103
3111451,65794,2103
3111451,66148,2103
3111451,68886,2103
3111451,70488,2103
3111451,74428,2103
3111451,76254,2103
3111451,76325,2103
3111451,80883,2103
3111451,81461,2103
3111451,82794,2103
3111451,83224,2103
3111451,84256,2103
3111451,84717,2103
3111451,85791,2103
3111451,88857,2103
3111451,91356,2103
3111451,94137,2103
3111451,96980,2103
3111451,98972,2103
3111451,100044,2103
3111451,102808,2103
3111451,102853,2103
3111451,103507,2103
3111451,103795,2103
3111451,103988,2103
3111451,108577,2103
3111451,109387,2103
3111451,110350,2103
3111451,111860,2103
3111451,111939,2103
3111451,112519,2103
3111451,113206,2103
3111451,114592,2103
3111451,114878,2103
3111451,115075,2103
3111451,116538,2103
3111451,117822,2103
3111451,119466,2103
3111451,121549,2103
3111451,124668,2103
3111451,124722,2103
3111451,125985,2103
3111451,127252,2103
3111451,128234,2103
3111451,129248,2103
3111451,129979,2103
3111451,130416,2103
3111451,130828,2103
3111451,131493,2103
3111451,136979,2103
3111451,138172,2103
3111451,138185,2103
3111451,138912,2103
3111451,139114,2103
3111451,139655,2103
3111451,139776,2103
3111451,139929,2103
3111451,140695,2103
3111451,141079,2103
3111451,141907,2103
3111451,142922,2103
3111451,144418,2103
3111735,458,2104
3111735,2871,2104
3111735,7212,2104
3111735,9344,2104
3111735,10736,2104
3111735,19352,2104
3111735,19814,2104
3111735,21578,2104
3111735,25850,2104
3111735,27037,2104
3111735,29695,2104
3111735,29837,2104
3111735,40328,2104
3111735,48497,2104
3111735,51898,2104
3111735,52232,2104
3111735,52963,2104
3111735,54775,2104
3111735,54989,2104
3111735,56974,2104
3111735,61323,2104
3111735,62089,2104
3111735,63841,2104
3111735,64200,2104
3111735,64941,2104
3111735,78345,2104
3111735,78840,2104
3111735,79715,2104
3111735,80279,2104
3111735,83398,2104
3111735,85912,2104
3111735,86609,2104
3111735,92048,2104
3111735,94375,2104
3111735,95647,2104
3111735,97252,2104
3111735,108248,2104
3111735,111706,2104
3111735,112569,2104
3111735,114991,2104
3111735,117036,2104
3111735,118346,2104
3111735,119772,2104
3111735,119947,2104
3111735,120177,2104
3111735,122091,2104
3111735,123364,2104
3111735,123854,2104
3111735,127028,2104
3111735,128614,2104
3111735,129877,2104
3111735,138414,2104
3111735,143799,2104
3111735,147997,2104
3111735,148328,2104
3111908,3127,2104
3111908,5929,2104
3111908,12690,2104
3111908,15734,2104
3111908,19340,2104
3111908,29306,2104
3111908,36943,2104
3111908,38742,2104
3111908,59596,2104
3111908,70435,2104
3111908,71060,2104
3111908,75017,2105
3111908,80703,2105
3111908,83669,2105
3111908,86179,2105
3111908,86384,2105
3111908,86721,2105
3111908,90738,2105
3111908,94856,2105
3111908,96959,2105
3111908,98519,2105
3111908,98669,2105
3111908,131159,2105
3111908,141719,2105
3111908,148069,2105
3111908,149329,2105
3113213,1306,2108
3113213,4903,2108
3113213,6671,2108
3113213,10936,2108
3113213,11188,2108
3113213,11356,2108
3113213,15754,2108
3113213,22132,2108
3113213,26745,2108
3113213,26922,2108
3113213,35889,2108
3113213,36221,2108
3113213,36771,2108
3113213,39142,2108
3113213,41701,2108
3113213,42891,2108
3113213,46016,2108
3113213,46153,2108
3113213,46682,2108
3113213,49721,2108
3113213,50053,2108
3113213,55517,2108
3113213,59050,2108
3113213,60062,2108
3113213,61619,2108
3113213,67604,2108
3113213,68855,2108
3113213,71499,2108
3113213,74023,2108
3113213,75468,2108
3113213,77523,2108
3113213,80702,2108
3113213,83574,2108
3113213,87877,2108
3113213,88380,2108
3113213,88602,2108
3113213,90824,2108
3113213,95368,2108
3113213,100362,2108
3113213,100729,2108
3113213,101618,2108
3113213,101684,2108
3113213,115496,2108
3113213,117330,2108
3113213,119291,2108
3113213,122976,2108
3113213,124756,2108
3113213,127986,2108
3113213,130184,2108
3113213,132873,2108
3113213,134732,2108
3113213,138231,2108
3113213,144324,2108
3113213,146502,2108
3113571,715,2106
3113571,5019,2106
3113571,6141,2106
3113571,7150,2106
3113571,7895,2106
3113571,8294,2106
3113571,8537,2106
3113571,9669,2106
3113571,11525,2106
3113571,11835,2106
3113571,11890,2106
3113571,19970,2106
3113571,23699,2106
3113571,24360,2106
3113571,25389,2106
3113571,26005,2106
3113571,27224,2106
3113571,27901,2106
3113571,28414,2106
3113571,29653,2106
3113571,30230,2106
3113571,35470,2106
3113571,36109,2106
3113571,36368,2106
3113571,36467,2106
3113571,38981,2106
3113571,43335,2106
3113571,46207,2106
3113571,47394,2106
3113571,48938,2106
3113571,49335,2106
3113571,49871,2106
3113571,51722,2106
3113571,53616,2106
3113571,55308,2106
3113571,55657,2106
3113571,55689,2106
3113571,55880,2106
3113571,55965,2106
3113571,60811,2106
3113571,61918,2107
3113571,62979,2107
3113571,64862,2107
3113571,66609,2107
3113571,67742,2107
3113571,70047,2107
3113571,70243,2107
3113571,70931,2107
3113571,71440,2107
3113571,71934,2107
3113571,73677,2107
3113571,73860,2107
3113571,75169,2107
leaf386.txt
