leaf
3367706,132075,2919
3367706,134256,2919
3367706,135444,2919
3367706,135839,2919
3367706,138727,2919
3367706,138748,2919
3367706,139157,2919
3367706,145571,2919
3367706,148843,2919
3367709,3420,2922
3367709,12624,2922
3367709,17494,2922
3367709,21946,2922
3367709,23102,2922
3367709,23147,2922
3367709,34027,2922
3367709,37550,2922
3367709,42154,2922
3367709,42705,2922
3367709,46026,2922
3367709,47250,2922
3367709,47701,2922
3367709,50712,2922
3367709,53966,2922
3367709,54460,2922
3367709,55058,2922
3367709,61442,2922
3367709,63778,2922
3367709,63997,2922
3367709,64030,2922
3367709,64376,2922
3367709,68049,2922
3367709,69153,2923
3367709,70990,2923
3367709,74847,2923
3367709,75690,2923
3367709,77831,2923
3367709,78984,2923
3367709,85996,2923
3367709,87761,2923
3367709,87955,2923
3367709,91956,2923
3367709,95464,2923
3367709,99301,2923
3367709,102384,2923
3367709,108408,2923
3367709,112729,2923
3367709,113376,2923
3367709,116078,2923
3367709,118617,2923
3367709,119468,2923
3367709,119785,2923
3367709,119826,2923
3367709,120363,2923
3367709,123221,2923
3367709,128178,2923
3367709,128566,2923
3367709,131199,2923
3367709,135846,2923
3367709,138158,2923
3367709,139138,2923
3367709,139834,2923
3367709,141670,2923
3367709,142539,2923
3367709,142782,2923
3367709,144804,2923
3367709,145560,2923
3367709,147903,2923
3367709,148959,2923
3367781,8208,2921
3367781,11819,2921
3367781,12822,2921
3367781,13928,2921
3367781,16027,2921
3367781,16056,2921
3367781,16470,2921
3367781,16740,2921
3367781,19655,2921
3367781,20108,2921
3367781,28996,2921
3367781,32683,2921
3367781,35188,2921
3367781,36048,2921
3367781,36417,2921
3367781,41343,2921
3367781,50876,2921
3367781,55493,2921
3367781,56185,2921
3367781,67553,2921
3367781,71192,2921
3367781,74267,2921
3367781,79021,2921
3367781,81654,2921
3367781,81691,2921
3367781,84489,2921
3367781,84599,2921
3367781,86302,2921
3367781,87154,2921
3367781,87751,2921
3367781,89904,2921
3367781,90636,2921
3367781,93199,2921
3367781,112804,2921
3367781,113171,2921
3367781,114598,2921
3367781,115279,2921
3367781,116136,2921
3367781,116224,2921
3367781,126892,2922
3367781,129334,2922
3367781,137793,2922
3367781,140484,2922
3367781,143418,2922
3367781,148732,2922
3368573,315,2923
3368573,4101,2923
3368573,6660,2923
3368573,10577,2923
3368573,14095,2923
3368573,15509,2923
3368573,30984,2923
3368573,33238,2923
3368573,34578,2923
3368573,43588,2923
3368573,58400,2923
3368573,60238,2923
3368573,61264,2923
3368573,67042,2923
3368573,74277,2923
3368573,76275,2923
3368573,89485,2923
3368573,100933,2923
3368573,109512,2923
3368573,109980,2923
3369261,805,2924
3369261,4486,2924
3369261,5523,2924
3369261,6381,2924
3369261,7001,2924
3369261,7264,2924
3369261,8929,2924
3369261,12365,2924
3369261,18233,2924
3369261,19086,2924
3369261,27297,2924
3369261,27696,2924
3369261,29320,2924
3369261,34860,2925
3369261,35524,2925
3369261,35716,2925
3369261,36516,2925
3369261,36840,2925
3369261,37319,2925
3369261,43270,2925
3369261,43513,2925
3369261,45664,2925
3369261,46880,2925
3369261,47912,2925
3369261,48185,2925
3369261,48699,2925
3369261,52146,2925
3369261,56408,2925
3369261,61873,2925
3369261,62184,2925
3369261,63093,2925
3369261,64305,2925
3369261,64864,2925
3369261,72356,2925
3369261,72656,2925
3369261,76439,2925
3369261,77587,2925
3369261,77624,2925
3369261,78434,2925
3369261,80452,2925
3369261,86708,2925
3369261,87589,2925
3369261,87705,2925
3369261,91064,2925
3369261,95836,2925
3369261,99755,2925
3369261,102396,2925
3369261,105105,2925
3369261,109798,2925
3369261,111304,2925
3369261,112122,2925
3369261,112295,2925
3369261,123377,2925
3369261,126047,2925
3369261,126810,2925
3369261,130823,2925
3369261,133109,2925
3369261,142226,2925
3369261,142510,2925
3369261,142917,2925
3369261,143930,2925
3369261,144778,2925
3369261,145586,2925
3369261,148234,2925
3369833,3148,2923
3369833,3166,2923
3369833,4654,2923
3369833,5647,2923
3369833,6136,2923
3369833,6372,2923
3369833,8215,2923
3369833,9115,2923
3369833,9524,2923
3369833,10231,2924
3369833,16961,2924
3369833,26542,2924
3369833,35673,2924
3369833,37521,2924
3369833,41179,2924
3369833,42304,2924
3369833,42320,2924
3369833,43571,2924
3369833,45981,2924
3369833,46014,2924
3369833,50441,2924
3369833,51719,2924
3369833,51744,2924
3369833,54506,2924
3369833,62936,2924
3369833,63338,2924
3369833,64280,2924
3369833,70485,2924
3369833,71696,2924
3369833,72720,2924
3369833,73496,2924
3369833,74023,2924
3369833,74434,2924
3369833,74925,2924
3369833,74963,2924
3369833,78851,2924
3369833,80465,2924
3369833,83433,2924
3369833,84189,2924
3369833,87871,2924
3369833,89202,2924
3369833,89609,2924
3369833,93374,2924
3369833,96620,2924
3369833,99019,2924
3369833,104218,2924
3369833,109246,2924
3369833,114414,2924
3369833,115395,2924
3369833,117075,2924
3369833,123859,2924
3369833,124106,2924
3369833,124491,2924
3369833,124678,2924
3369833,127474,2924
3369833,129007,2924
3369833,132461,2924
3369833,133092,2924
3369833,140175,2924
3369833,144003,2924
3369833,144076,2924
3369833,149323,2924
3370122,14670,2927
3370122,14928,2927
3370122,21342,2927
3370122,29171,2927
3370122,31181,2927
3370122,31318,2927
3370122,36064,2927
3370122,37006,2927
3370122,43886,2927
3370122,44955,2927
3370122,46202,2927
3370122,49691,2927
3370122,49979,2927
3370122,54846,2927
3370122,55782,2927
3370122,61663,2927
3370122,61805,2927
3370122,65411,2927
3370122,78398,2927
3370122,83275,2927
3370122,84342,2927
3370122,84865,2927
3370122,88304,2927
3370122,88660,2927
3370122,92991,2927
3370122,94008,2927
3370122,94354,2927
3370122,95236,2927
3370122,95942,2928
3370122,98160,2928
3370122,98972,2928
3370122,105724,2928
3370122,106197,2928
3370122,114592,2928
3370122,114825,2928
3370122,116346,2928
3370122,116762,2928
3370122,121098,2928
3370122,125680,2928
3370122,129961,2928
3370122,131889,2928
3370122,138781,2928
3370122,140358,2928
3370122,141440,2928
3370122,146108,2928
3370122,148297,2928
3370122,149339,2928
3370504,3622,2925
3370504,4372,2925
3370504,4388,2925
3370504,4441,2925
3370504,5237,2925
3370504,9390,2925
3370504,10572,2925
3370504,11205,2925
3370504,13095,2925
3370504,14039,2925
3370504,14422,2925
3370504,14766,2925
3370504,16499,2925
3370504,17111,2925
3370504,19346,2925
3370504,19637,2926
3370504,20273,2926
3370504,20571,2926
3370504,21577,2926
3370504,22098,2926
3370504,23809,2926
3370504,25549,2926
3370504,26532,2926
3370504,27822,2926
3370504,28029,2926
3370504,28318,2926
3370504,28380,2926
3370504,31424,2926
3370504,34940,2926
3370504,35472,2926
3370504,36340,2926
3370504,39373,2926
3370504,46744,2926
3370504,48943,2926
3370504,49253,2926
3370504,52908,2926
3370504,52956,2926
3370504,53765,2926
3370504,54207,2926
3370504,55463,2926
3370504,55560,2926
3370504,56780,2926
3370504,59825,2926
3370504,62403,2926
3370504,68428,2926
3370504,70286,2926
3370504,71941,2926
3370504,72509,2926
3370504,73007,2926
3370504,73449,2926
3370504,73971,2926
3370504,76852,2926
3370504,78314,2926
3370504,80109,2926
leaf536.txt
