leaf
3186261,90052,2299
3186261,91056,2299
3186261,92273,2299
3186261,96520,2299
3186261,103202,2299
3186261,104131,2299
3186261,107917,2299
3186261,109456,2299
3186261,109733,2299
3186261,113380,2299
3186261,118906,2299
3186261,121834,2299
3186261,124157,2299
3186261,130652,2299
3186261,131774,2299
3186261,134451,2299
3186261,137366,2299
3186261,140194,2299
3186261,141243,2299
3186261,146034,2299
3186442,118,2296
3186442,749,2296
3186442,2265,2296
3186442,2456,2296
3186442,2865,2296
3186442,4042,2296
3186442,4823,2296
3186442,5004,2296
3186442,6145,2296
3186442,8584,2296
3186442,9081,2296
3186442,10609,2296
3186442,10682,2296
3186442,12537,2296
3186442,12851,2296
3186442,13400,2296
3186442,20235,2296
3186442,21229,2296
3186442,21334,2296
3186442,22501,2296
3186442,22640,2296
3186442,25442,2296
3186442,27041,2296
3186442,28656,2296
3186442,28901,2296
3186442,30195,2296
3186442,31533,2296
3186442,31947,2296
3186442,32002,2296
3186442,32760,2296
3186442,33131,2296
3186442,33210,2296
3186442,34672,2296
3186442,34710,2296
3186442,35165,2296
3186442,38501,2296
3186442,38634,2296
3186442,38869,2296
3186442,41034,2296
3186442,41298,2297
3186442,42335,2297
3186442,44134,2297
3186442,44686,2297
3186442,45874,2297
3186442,46510,2297
3186442,46688,2297
3186442,47624,2297
3186442,49727,2297
3186442,49967,2297
3186442,50912,2297
3186442,50979,2297
3186442,51307,2297
3186442,51440,2297
3186442,51663,2297
3186442,52889,2297
3186442,53037,2297
3186442,53613,2297
3186442,54747,2297
3186442,55391,2297
3186442,56581,2297
3186442,58149,2297
3186442,58322,2297
3186442,58393,2297
3186442,58406,2297
3186442,58434,2297
3186442,59027,2297
3186442,59631,2297
3186442,62458,2297
3186442,63411,2297
3186442,65023,2297
3186442,65280,2297
3186442,65447,2297
3186442,65529,2297
3186442,66398,2297
3186442,67023,2297
3186442,67262,2297
3186442,67895,2297
3186442,68555,2297
3186442,70662,2297
3186442,71458,2297
3186442,71682,2297
3186442,73666,2297
3186442,74689,2297
3186442,76427,2297
3186442,77079,2297
3186442,82945,2297
3186442,83441,2297
3186442,83924,2297
3186442,84173,2297
3186442,88368,2297
3186442,91809,2297
3186442,94217,2297
3186442,95141,2297
3186442,96128,2297
3186442,96864,2297
3186442,98901,2297
3186442,103557,2297
3186442,105098,2297
3186442,106318,2297
3186442,108768,2297
3186442,109221,2297
3186442,110183,2297
3186442,110747,2297
3186442,113206,2297
3186442,114007,2297
3186442,115292,2298
3186442,115406,2298
3186442,115636,2298
3186442,117501,2298
3186442,117998,2298
3186442,119985,2298
3186442,120276,2298
3186442,120431,2298
3186442,122536,2298
3186442,123454,2298
3186442,125533,2298
3186442,126560,2298
3186442,128245,2298
3186442,128514,2298
3186442,129289,2298
3186442,129615,2298
3186442,130140,2298
3186442,131442,2298
3186442,132085,2298
3186442,132273,2298
3186442,134507,2298
3186442,134635,2298
3186442,135285,2298
3186442,135685,2298
3186442,137344,2298
3186442,137486,2298
3186442,137530,2298
3186442,137975,2298
3186442,138025,2298
3186442,138122,2298
3186442,139189,2298
3186442,139208,2298
3186442,139272,2298
3186442,140308,2298
3186442,143461,2298
3186442,144782,2298
3186442,145502,2298
3186442,146141,2298
3186442,146475,2298
3186442,147304,2298
3186445,2027,2285
3186445,4394,2285
3186445,4411,2285
3186445,5004,2285
3186445,6145,2285
3186445,6335,2285
3186445,6980,2285
3186445,9629,2285
3186445,10682,2285
3186445,10762,2285
3186445,13111,2285
3186445,13337,2286
3186445,13566,2286
3186445,16597,2286
3186445,20448,2286
3186445,21229,2286
3186445,23906,2286
3186445,24583,2286
3186445,25442,2286
3186445,26761,2286
3186445,31533,2286
3186445,31866,2286
3186445,31947,2286
3186445,32002,2286
3186445,33131,2286
3186445,33528,2286
3186445,34171,2286
3186445,34804,2286
3186445,34919,2286
3186445,35457,2286
3186445,35725,2286
3186445,35765,2286
3186445,35991,2286
3186445,37200,2286
3186445,37287,2286
3186445,38501,2286
3186445,39093,2286
3186445,39302,2286
3186445,40103,2286
3186445,41971,2286
3186445,42472,2286
3186445,43198,2286
3186445,44134,2286
3186445,45108,2286
3186445,46234,2286
3186445,46688,2286
3186445,49967,2286
3186445,50560,2286
3186445,52063,2286
3186445,52889,2286
3186445,54953,2286
3186445,55391,2286
3186445,56581,2286
3186445,56926,2286
3186445,58322,2286
3186445,58406,2286
3186445,59689,2286
3186445,62148,2286
3186445,62458,2286
3186445,63383,2286
3186445,65023,2286
3186445,65766,2286
3186445,67092,2286
3186445,67196,2286
3186445,67827,2286
3186445,67895,2286
3186445,68000,2286
3186445,68833,2286
3186445,69081,2286
3186445,69365,2286
3186445,71069,2286
3186445,71682,2286
3186445,73666,2286
3186445,73986,2286
3186445,74060,2286
3186445,74668,2286
3186445,77079,2286
3186445,80582,2287
3186445,80801,2287
3186445,80831,2287
3186445,81800,2287
3186445,82945,2287
3186445,83924,2287
3186445,86323,2287
3186445,86414,2287
3186445,86879,2287
3186445,94596,2287
3186445,94995,2287
3186445,95121,2287
3186445,95878,2287
3186445,96336,2287
3186445,98119,2287
3186445,103557,2287
3186445,105098,2287
3186445,105237,2287
3186445,106318,2287
3186445,108856,2287
3186445,109221,2287
3186445,109935,2287
3186445,110026,2287
3186445,110547,2287
3186445,110747,2287
3186445,112046,2287
3186445,113205,2287
3186445,113351,2287
3186445,114007,2287
3186445,117736,2287
3186445,117977,2287
3186445,120276,2287
3186445,120530,2287
3186445,121761,2287
3186445,124492,2287
3186445,125301,2287
3186445,125383,2287
3186445,127575,2287
3186445,128245,2287
3186445,131442,2287
3186445,133401,2287
3186445,133790,2287
3186445,134298,2287
3186445,135458,2287
3186445,137047,2287
3186445,137530,2287
3186445,138025,2287
3186445,140555,2287
3186445,143461,2287
3186445,144782,2287
3186445,146141,2287
3186445,148399,2287
3186445,148907,2287
3186448,222,2287
3186448,422,2287
3186448,1215,2287
3186448,1847,2287
3186448,10675,2287
3186448,15497,2287
3186448,15514,2287
3186448,17273,2287
3186448,20785,2287
3186448,23541,2287
3186448,25073,2287
3186448,28557,2287
3186448,30441,2287
3186448,31270,2288
3186448,31622,2288
3186448,32640,2288
3186448,33131,2288
3186448,38382,2288
3186448,40461,2288
3186448,40665,2288
3186448,44097,2288
3186448,44465,2288
3186448,50229,2288
3186448,51307,2288
3186448,51350,2288
3186448,51848,2288
3186448,55514,2288
3186448,56764,2288
3186448,57579,2288
3186448,58767,2288
3186448,60145,2288
3186448,60380,2288
3186448,60967,2288
3186448,62332,2288
3186448,62747,2288
3186448,63065,2288
3186448,65651,2288
3186448,66281,2288
3186448,69658,2288
3186448,69673,2288
3186448,71682,2288
3186448,72002,2288
3186448,76091,2288
3186448,78790,2288
3186448,79038,2288
3186448,80753,2288
3186448,82790,2288
3186448,83407,2288
3186448,83861,2288
3186448,86380,2288
3186448,86994,2288
3186448,87313,2288
3186448,88775,2288
3186448,89643,2288
3186448,90196,2288
3186448,90841,2288
3186448,91984,2288
3186448,94279,2288
3186448,94672,2288
3186448,96336,2288
3186448,97074,2288
3186448,99702,2288
3186448,99929,2288
3186448,103974,2288
3186448,104050,2288
3186448,104174,2288
leaf420.txt
