leaf
2909859,136668,1564
2909859,137954,1564
2909859,139067,1564
2909859,139351,1564
2909859,142994,1564
2909859,146552,1564
2910335,454,1576
2910335,3267,1576
2910335,17688,1576
2910335,18030,1576
2910335,27366,1576
2910335,30094,1576
2910335,32104,1576
2910335,48283,1576
2910335,52701,1576
2910335,53154,1576
2910335,54396,1576
2910335,60004,1576
2910335,66921,1576
2910335,67093,1576
2910335,69649,1576
2910335,70246,1576
2910335,72113,1576
2910335,78047,1576
2910335,78281,1576
2910335,80809,1576
2910335,88536,1576
2910335,88773,1576
2910335,90377,1576
2910335,96449,1576
2910335,97355,1576
2910335,101815,1576
2910335,104091,1576
2910335,105045,1576
2910335,108067,1576
2910335,111119,1576
2910335,113261,1576
2910335,124932,1576
2910335,125453,1576
2910335,126361,1576
2910335,128535,1576
2910335,136639,1576
2910335,143593,1576
2910335,144646,1576
2911312,2794,1576
2911312,18671,1576
2911312,26258,1576
2911312,26996,1577
2911312,28499,1577
2911312,33344,1577
2911312,39111,1577
2911312,39299,1577
2911312,42237,1577
2911312,45300,1577
2911312,61443,1577
2911312,68230,1577
2911312,74726,1577
2911312,76822,1577
2911312,81638,1577
2911312,86570,1577
2911312,88868,1577
2911312,89888,1577
2911312,98597,1577
2911312,98858,1577
2911312,101406,1577
2911312,111267,1577
2911312,112910,1577
2911312,130813,1577
2911312,147633,1577
2911972,7121,1577
2911972,7987,1577
2911972,9903,1577
2911972,11693,1577
2911972,12584,1577
2911972,16273,1577
2911972,21163,1577
2911972,23686,1577
2911972,26558,1577
2911972,27931,1577
2911972,30160,1577
2911972,33294,1577
2911972,42425,1577
2911972,48273,1577
2911972,69372,1577
2911972,70717,1577
2911972,70953,1577
2911972,71354,1577
2911972,73518,1577
2911972,78109,1577
2911972,79193,1577
2911972,89643,1577
2911972,93144,1577
2911972,94080,1577
2911972,100243,1577
2911972,101766,1577
2911972,105811,1577
2911972,107937,1577
2911972,115359,1577
2911972,121756,1577
2911972,123363,1577
2911972,124668,1577
2911972,127907,1577
2911972,131889,1577
2911972,139896,1577
2911972,142842,1577
2911972,146569,1577
2912174,30777,1577
2912174,75499,1577
2912174,77530,1577
2912174,79413,1577
2912174,84995,1577
2912174,102298,1577
2912174,121911,1577
2912174,141799,1578
2912754,43,1578
2912754,981,1578
2912754,2281,1578
2912754,6523,1578
2912754,10079,1578
2912754,11082,1578
2912754,13502,1578
2912754,14424,1578
2912754,15706,1578
2912754,16372,1578
2912754,17393,1578
2912754,18494,1578
2912754,18767,1578
2912754,23439,1578
2912754,29392,1578
2912754,32980,1578
2912754,34225,1578
2912754,42084,1578
2912754,42298,1578
2912754,45857,1578
2912754,46284,1578
2912754,48071,1578
2912754,48324,1578
2912754,49114,1578
2912754,49186,1578
2912754,49622,1578
2912754,52450,1578
2912754,58164,1578
2912754,60368,1578
2912754,61522,1578
2912754,64611,1578
2912754,67497,1578
2912754,69290,1578
2912754,71639,1578
2912754,72379,1578
2912754,73058,1579
2912754,80468,1579
2912754,80910,1579
2912754,81106,1579
2912754,81139,1579
2912754,82344,1579
2912754,84917,1579
2912754,85119,1579
2912754,88253,1579
2912754,89444,1579
2912754,90780,1579
2912754,91498,1579
2912754,92341,1579
2912754,93035,1579
2912754,93349,1579
2912754,93578,1579
2912754,98486,1579
2912754,99739,1579
2912754,100580,1579
2912754,101072,1579
2912754,104189,1579
2912754,104444,1579
2912754,107414,1579
2912754,108412,1579
2912754,111529,1579
2912754,117755,1579
2912754,119114,1579
2912754,119209,1579
2912754,121267,1579
2912754,123090,1579
2912754,125692,1579
2912754,129487,1579
2912754,131223,1579
2912754,132174,1579
2912754,132282,1579
2912754,134140,1579
2912754,135628,1579
2912754,139448,1579
2912754,141031,1579
2912754,142108,1579
2912754,142513,1579
2912754,143635,1579
2912754,143888,1579
2912754,144451,1579
2912935,9528,1579
2912935,13292,1579
2912935,15610,1579
2912935,20964,1579
2912935,23175,1579
2912935,36394,1579
2912935,37255,1579
2912935,47769,1579
2912935,49952,1579
2912935,51246,1579
2912935,53500,1579
2912935,61436,1579
2912935,61939,1579
2912935,76504,1579
2912935,77234,1579
2912935,80733,1579
2912935,92859,1579
2912935,94831,1579
2912935,100509,1579
2912935,101211,1579
2912935,105878,1579
2912935,108237,1579
2912935,109424,1580
2912935,124860,1580
2912935,133453,1580
2912935,133928,1580
2912935,134363,1580
2912935,136525,1580
2912935,140000,1580
2912935,142508,1580
2912935,142520,1580
2912935,144508,1580
2912935,146186,1580
2912960,9549,1578
2912960,14289,1578
2912960,15671,1578
2912960,15888,1578
2912960,29354,1578
2912960,30149,1578
2912960,30525,1578
2912960,34692,1578
2912960,37163,1578
2912960,38233,1578
2912960,54111,1578
2912960,59516,1578
2912960,67004,1578
2912960,69671,1578
2912960,75133,1578
2912960,79676,1578
2912960,88670,1578
2912960,92310,1578
2912960,95739,1578
2912960,99853,1578
2912960,101775,1578
2912960,102724,1578
2912960,107802,1578
2912960,110087,1578
2912960,113851,1578
2912960,120606,1578
2912960,125212,1578
2912960,131737,1578
2912960,136478,1578
2912960,149067,1578
2913249,392,1583
2913249,1178,1583
2913249,1213,1583
2913249,1960,1583
2913249,7469,1583
2913249,7558,1583
2913249,10149,1583
2913249,11428,1583
2913249,13070,1583
2913249,16301,1583
2913249,19920,1583
2913249,20503,1583
2913249,20708,1583
2913249,21495,1583
2913249,22063,1583
2913249,22635,1583
2913249,26424,1583
2913249,31454,1583
2913249,31899,1583
2913249,37709,1583
2913249,39992,1583
2913249,41885,1583
2913249,45000,1583
2913249,46707,1583
2913249,51002,1583
2913249,58152,1583
2913249,58372,1583
2913249,59266,1583
2913249,60053,1583
2913249,60821,1583
2913249,62276,1583
2913249,66602,1583
2913249,67705,1583
2913249,72795,1583
2913249,72889,1583
2913249,74247,1583
2913249,75078,1583
2913249,78898,1583
2913249,79986,1583
2913249,80026,1583
2913249,83390,1583
2913249,85711,1583
2913249,86430,1583
2913249,88054,1584
2913249,88789,1584
2913249,91856,1584
2913249,94181,1584
2913249,95097,1584
2913249,98186,1584
2913249,98597,1584
2913249,99173,1584
2913249,100351,1584
2913249,102544,1584
2913249,103468,1584
2913249,105787,1584
2913249,107157,1584
2913249,107430,1584
2913249,107451,1584
2913249,108029,1584
2913249,109878,1584
2913249,111418,1584
2913249,111587,1584
2913249,113623,1584
2913249,114740,1584
2913249,115442,1584
2913249,115479,1584
2913249,116101,1584
2913249,122912,1584
2913249,123197,1584
2913249,124815,1584
2913249,131478,1584
2913249,132475,1584
2913249,134832,1584
2913249,134913,1584
2913249,137532,1584
2913249,138827,1584
2913249,139900,1584
2913249,140452,1584
2913249,143732,1584
2913253,4899,1582
2913253,9595,1582
2913253,12794,1582
2913253,13846,1582
2913253,20201,1582
2913253,20708,1582
2913253,21532,1582
2913253,23253,1582
2913253,23603,1582
2913253,29054,1582
2913253,31112,1582
2913253,31709,1582
2913253,32039,1582
2913253,36652,1582
2913253,37466,1582
2913253,49071,1582
2913253,50126,1582
2913253,53553,1582
2913253,55371,1582
2913253,61612,1582
2913253,61892,1582
2913253,65468,1582
2913253,66139,1582
2913253,68855,1582
2913253,72572,1582
2913253,74521,1583
leaf290.txt
