leaf
2536741,14672,366
2536741,14944,366
2536741,18544,366
2536741,20143,366
2536741,20229,366
2536741,20275,366
2536741,21016,366
2536741,21986,366
2536741,23717,366
2536741,23824,366
2536741,24659,366
2536741,27276,366
2536741,28485,366
2536741,29133,366
2536741,31565,366
2536741,33565,366
2536741,33632,366
2536741,33890,366
2536741,33990,366
2536741,34186,366
2536741,34240,366
2536741,35601,366
2536741,36185,366
2536741,37448,366
2536741,40988,366
2536741,41223,366
2536741,41520,366
2536741,42508,366
2536741,43599,366
2536741,44761,366
2536741,47145,366
2536741,51221,366
2536741,54782,366
2536741,55417,366
2536741,66171,366
2536741,66821,366
2536741,71424,366
2536741,72682,366
2536741,75232,366
2536741,79555,366
2536741,82122,366
2536741,84018,366
2536741,86103,366
2536741,87383,366
2536741,89628,366
2536741,89700,367
2536741,91268,367
2536741,91675,367
2536741,92383,367
2536741,93073,367
2536741,95050,367
2536741,96690,367
2536741,98060,367
2536741,103830,367
2536741,107738,367
2536741,110603,367
2536741,110969,367
2536741,111368,367
2536741,113858,367
2536741,117756,367
2536741,118066,367
2536741,121944,367
2536741,122169,367
2536741,125608,367
2536741,126315,367
2536741,128842,367
2536741,132262,367
2536741,137411,367
2536741,137598,367
2536741,139112,367
2536741,140063,367
2536741,141300,367
2536741,143496,367
2536741,144216,367
2536741,145742,367
2536741,146081,367
2536741,146285,367
2536741,146619,367
2536741,147971,367
2536741,148928,367
2536745,1964,375
2536745,3496,375
2536745,6942,375
2536745,12865,375
2536745,14314,375
2536745,15507,375
2536745,16740,375
2536745,20759,375
2536745,26139,375
2536745,27732,375
2536745,37039,375
2536745,39393,375
2536745,42349,375
2536745,49823,375
2536745,49998,375
2536745,50335,375
2536745,53581,375
2536745,55511,375
2536745,59729,375
2536745,59976,375
2536745,60678,375
2536745,61257,375
2536745,61835,375
2536745,64641,375
2536745,66171,375
2536745,66587,375
2536745,68018,375
2536745,68155,375
2536745,71249,375
2536745,72405,375
2536745,74042,375
2536745,76299,375
2536745,83712,375
2536745,84604,375
2536745,89628,375
2536745,90841,375
2536745,92764,375
2536745,93888,375
2536745,95244,375
2536745,96335,375
2536745,99422,375
2536745,99892,375
2536745,103480,375
2536745,103779,375
2536745,104942,375
2536745,111695,375
2536745,111899,375
2536745,112828,375
2536745,113885,376
2536745,114893,376
2536745,116514,376
2536745,116592,376
2536745,118277,376
2536745,118916,376
2536745,124846,376
2536745,126440,376
2536745,127642,376
2536745,128417,376
2536745,129714,376
2536745,133055,376
2536745,138592,376
2536745,139369,376
2536745,142940,376
2536745,143816,376
2536745,143969,376
2536759,4764,367
2536759,5535,367
2536759,7054,367
2536759,7263,367
2536759,7732,367
2536759,8878,367
2536759,8941,367
2536759,10642,367
2536759,11941,367
2536759,14995,367
2536759,15024,367
2536759,17318,367
2536759,18997,367
2536759,19057,367
2536759,21901,367
2536759,22551,367
2536759,22721,367
2536759,22880,367
2536759,22892,367
2536759,26410,367
2536759,26631,367
2536759,26682,367
2536759,30202,367
2536759,30856,367
2536759,31127,367
2536759,31420,367
2536759,34023,367
2536759,34197,367
2536759,34819,367
2536759,35672,367
2536759,36024,367
2536759,37076,368
2536759,38091,368
2536759,38742,368
2536759,40680,368
2536759,42349,368
2536759,45144,368
2536759,46486,368
2536759,47551,368
2536759,47778,368
2536759,47850,368
2536759,50899,368
2536759,51491,368
2536759,51719,368
2536759,51906,368
2536759,54010,368
2536759,54283,368
2536759,54395,368
2536759,57286,368
2536759,58942,368
2536759,63964,368
2536759,64999,368
2536759,65387,368
2536759,65595,368
2536759,65956,368
2536759,66761,368
2536759,67032,368
2536759,67204,368
2536759,68217,368
2536759,68310,368
2536759,69635,368
2536759,70805,368
2536759,72260,368
2536759,75588,368
2536759,75980,368
2536759,77535,368
2536759,78289,368
2536759,78606,368
2536759,81247,368
2536759,81369,368
2536759,81459,368
2536759,81766,368
2536759,81860,368
2536759,83684,368
2536759,84487,368
2536759,84584,368
2536759,85614,368
2536759,85936,368
2536759,86045,368
2536759,86671,368
2536759,87621,368
2536759,89003,368
2536759,90985,368
2536759,91226,368
2536759,92314,368
2536759,92435,368
2536759,96163,368
2536759,96651,368
2536759,96996,368
2536759,97316,368
2536759,109520,368
2536759,110483,368
2536759,112022,368
2536759,112686,368
2536759,112867,368
2536759,112883,368
2536759,114101,368
2536759,114310,369
2536759,114447,369
2536759,116385,369
2536759,116636,369
2536759,117519,369
2536759,117640,369
2536759,119744,369
2536759,120079,369
2536759,120627,369
2536759,121203,369
2536759,122956,369
2536759,123048,369
2536759,124690,369
2536759,124734,369
2536759,125763,369
2536759,126367,369
2536759,127730,369
2536759,129245,369
2536759,130322,369
2536759,130897,369
2536759,131927,369
2536759,132758,369
2536759,132831,369
2536759,133290,369
2536759,134101,369
2536759,134401,369
2536759,134586,369
2536759,135846,369
2536759,136981,369
2536759,137330,369
2536759,138174,369
2536759,138317,369
2536759,140036,369
2536759,140042,369
2536759,140467,369
2536759,140841,369
2536759,142229,369
2536759,142974,369
2536759,143708,369
2536759,145082,369
2536759,146432,369
2536782,5340,374
2536782,6713,374
2536782,7310,374
2536782,9401,374
2536782,9671,374
2536782,13294,374
2536782,15662,374
2536782,16514,374
2536782,16754,374
2536782,18786,374
2536782,24119,374
2536782,25850,374
2536782,26414,374
2536782,27630,374
2536782,27643,374
2536782,31285,374
2536782,35588,374
2536782,36185,374
2536782,37129,374
2536782,39788,374
2536782,40866,374
2536782,41223,374
2536782,43599,374
2536782,45450,374
2536782,46548,374
2536782,48143,374
2536782,48196,374
2536782,50510,374
2536782,51443,374
2536782,54782,374
2536782,58867,374
2536782,59575,374
2536782,61335,374
2536782,66171,374
2536782,66661,374
2536782,70254,374
2536782,70467,374
2536782,70847,374
2536782,71279,374
2536782,72130,374
2536782,75149,374
2536782,84018,374
2536782,85259,374
2536782,86103,374
2536782,87018,374
2536782,87613,374
2536782,88771,374
2536782,89228,374
2536782,89628,374
2536782,90153,374
2536782,94961,374
2536782,95323,374
2536782,97140,374
2536782,97366,374
2536782,97917,374
2536782,98297,374
2536782,99854,374
2536782,101483,374
2536782,102117,374
2536782,106007,374
2536782,109292,374
2536782,111368,374
2536782,113871,374
2536782,118204,374
2536782,120307,374
2536782,120331,375
2536782,122085,375
2536782,122169,375
2536782,123460,375
2536782,123843,375
2536782,125142,375
2536782,128842,375
2536782,130057,375
2536782,135079,375
2536782,137112,375
2536782,137411,375
2536782,137624,375
2536782,139112,375
leaf69.txt
