leaf
3583734,141115,3923
3583734,143515,3923
3583734,147093,3923
3583734,147241,3923
3583775,10538,3921
3583775,11055,3921
3583775,12193,3921
3583775,13461,3921
3583775,20381,3921
3583775,21251,3921
3583775,25832,3921
3583775,28458,3921
3583775,34788,3921
3583775,36782,3921
3583775,38225,3921
3583775,43354,3921
3583775,44087,3921
3583775,44293,3921
3583775,46695,3922
3583775,49672,3922
3583775,50069,3922
3583775,50344,3922
3583775,50936,3922
3583775,53187,3922
3583775,53518,3922
3583775,58355,3922
3583775,69368,3922
3583775,70054,3922
3583775,71128,3922
3583775,72958,3922
3583775,74838,3922
3583775,75897,3922
3583775,79500,3922
3583775,81774,3922
3583775,85447,3922
3583775,87896,3922
3583775,90367,3922
3583775,93557,3922
3583775,93717,3922
3583775,106970,3922
3583775,113180,3922
3583775,117941,3922
3583775,119815,3922
3583775,123923,3922
3583775,127711,3922
3583775,133044,3922
3583775,135867,3922
3583775,141015,3922
3584016,2213,3924
3584016,2349,3924
3584016,4875,3924
3584016,5727,3924
3584016,7588,3924
3584016,9781,3924
3584016,10406,3924
3584016,12960,3924
3584016,13106,3924
3584016,14295,3924
3584016,14873,3924
3584016,15041,3924
3584016,15199,3924
3584016,18376,3924
3584016,18658,3924
3584016,20227,3924
3584016,23937,3924
3584016,24945,3924
3584016,28614,3924
3584016,29392,3924
3584016,31338,3924
3584016,32433,3924
3584016,33107,3924
3584016,33879,3924
3584016,39105,3924
3584016,40233,3924
3584016,40966,3924
3584016,43435,3924
3584016,47505,3924
3584016,47534,3924
3584016,55101,3924
3584016,55619,3924
3584016,56516,3924
3584016,58253,3924
3584016,58885,3924
3584016,59574,3924
3584016,59941,3924
3584016,61168,3924
3584016,63501,3924
3584016,63689,3925
3584016,64287,3925
3584016,64355,3925
3584016,66006,3925
3584016,66457,3925
3584016,66458,3925
3584016,67108,3925
3584016,68313,3925
3584016,69642,3925
3584016,71699,3925
3584016,72666,3925
3584016,75000,3925
3584016,75171,3925
3584016,78309,3925
3584016,80962,3925
3584016,81528,3925
3584016,84539,3925
3584016,84642,3925
3584016,87452,3925
3584016,87756,3925
3584016,90222,3925
3584016,91649,3925
3584016,93580,3925
3584016,95989,3925
3584016,96438,3925
3584016,98696,3925
3584016,100242,3925
3584016,103549,3925
3584016,103732,3925
3584016,104069,3925
3584016,106884,3925
3584016,107206,3925
3584016,107797,3925
3584016,107886,3925
3584016,108108,3925
3584016,110849,3925
3584016,111090,3925
3584016,111735,3925
3584016,113128,3925
3584016,113558,3925
3584016,118770,3925
3584016,121211,3925
3584016,121929,3925
3584016,122524,3925
3584016,123641,3925
3584016,123812,3925
3584016,123826,3925
3584016,124693,3925
3584016,124819,3925
3584016,125035,3925
3584016,127199,3925
3584016,128017,3925
3584016,128249,3925
3584016,129359,3925
3584016,129969,3925
3584016,130520,3925
3584016,131689,3925
3584016,132896,3925
3584016,133178,3925
3584016,136155,3925
3584016,136622,3925
3584016,137311,3925
3584016,137799,3925
3584016,138433,3925
3584016,140836,3925
3584016,141723,3925
3584016,142320,3926
3584016,142952,3926
3584016,147199,3926
3584016,147823,3926
3584016,148477,3926
3584173,5852,3926
3584173,8688,3926
3584173,11224,3926
3584173,12228,3926
3584173,12854,3926
3584173,14357,3926
3584173,16162,3926
3584173,18151,3926
3584173,18563,3926
3584173,21398,3926
3584173,22287,3926
3584173,31692,3926
3584173,32717,3926
3584173,35476,3926
3584173,35865,3926
3584173,38223,3926
3584173,39108,3926
3584173,39775,3926
3584173,43081,3926
3584173,44245,3926
3584173,44988,3926
3584173,45973,3926
3584173,46648,3926
3584173,48980,3926
3584173,49226,3926
3584173,51523,3926
3584173,51635,3926
3584173,52239,3926
3584173,53353,3926
3584173,53397,3926
3584173,55610,3926
3584173,61874,3926
3584173,69293,3926
3584173,69790,3926
3584173,71086,3926
3584173,71100,3926
3584173,72150,3926
3584173,80529,3926
3584173,81106,3926
3584173,82757,3926
3584173,83060,3926
3584173,86549,3926
3584173,87956,3926
3584173,87969,3926
3584173,92934,3926
3584173,93700,3926
3584173,95132,3926
3584173,99656,3926
3584173,99786,3926
3584173,103085,3926
3584173,105816,3926
3584173,107045,3926
3584173,108603,3926
3584173,109135,3926
3584173,111029,3926
3584173,113716,3926
3584173,115573,3926
3584173,115798,3926
3584173,118926,3926
3584173,118945,3926
3584173,120675,3926
3584173,122543,3927
3584173,123855,3927
3584173,124883,3927
3584173,127584,3927
3584173,131488,3927
3584173,131776,3927
3584173,134301,3927
3584173,135575,3927
3584173,138704,3927
3584173,144565,3927
3584173,145016,3927
3584173,145717,3927
3584173,145898,3927
3584215,2058,3927
3584215,9153,3927
3584215,25347,3927
3584215,26419,3927
3584215,29148,3927
3584215,31824,3927
3584215,34243,3927
3584215,60678,3927
3584215,61701,3927
3584215,62267,3927
3584215,63048,3927
3584215,71612,3927
3584215,78449,3927
3584215,79881,3927
3584215,86459,3927
3584215,90638,3927
3584215,97224,3927
3584215,99475,3927
3584215,109613,3927
3584215,109781,3927
3584215,111478,3927
3584215,115028,3927
3584215,122531,3927
3584215,130969,3927
3584215,131333,3927
3584215,132073,3927
3584215,133615,3927
3584215,138551,3928
3584215,143879,3928
3584240,343,3928
3584240,1398,3928
3584240,1990,3928
3584240,3363,3928
3584240,11303,3928
3584240,11833,3928
3584240,20652,3928
3584240,21590,3928
3584240,24649,3928
3584240,26109,3928
3584240,28932,3928
3584240,32002,3928
3584240,34530,3928
3584240,37749,3928
3584240,40828,3928
3584240,40898,3928
3584240,42124,3928
3584240,42363,3928
3584240,43274,3928
3584240,55196,3928
3584240,61214,3928
3584240,64188,3928
3584240,65188,3928
3584240,65840,3928
3584240,67373,3928
3584240,70707,3928
3584240,71477,3928
3584240,72770,3928
3584240,75585,3928
3584240,79784,3928
3584240,80234,3928
3584240,84908,3928
3584240,85935,3928
3584240,94262,3928
3584240,95641,3928
3584240,98125,3928
3584240,103140,3928
3584240,104576,3928
3584240,105838,3928
3584240,109610,3928
3584240,110581,3928
3584240,118495,3928
3584240,119186,3928
3584240,119557,3928
3584240,123104,3928
3584240,123198,3928
3584240,123686,3928
3584240,124369,3928
3584240,128792,3928
3584240,129222,3928
3584240,134206,3928
3584240,137253,3928
3584240,138751,3928
3584240,142793,3928
3584240,143121,3928
3584240,143649,3928
3584240,148483,3928
3584240,148484,3928
3584240,148706,3928
3584663,864,3927
3584663,4965,3927
3584663,5084,3927
3584663,5772,3927
3584663,21724,3927
3584663,28614,3927
3584663,38401,3927
3584663,41202,3927
3584663,42628,3927
3584663,44394,3927
3584663,49283,3927
3584663,67250,3927
3584663,69671,3927
3584663,90581,3927
3584663,93237,3927
3584663,93815,3927
3584663,103830,3927
3584663,104149,3927
3584663,105158,3927
3584663,105459,3927
3584663,107627,3927
3584663,111523,3927
3584663,114263,3927
3584663,116996,3927
3584663,132331,3927
3584663,142920,3927
3584932,6639,3923
3584932,8523,3923
3584932,9660,3923
3584932,13590,3923
3584932,13930,3923
3584932,19020,3923
3584932,21769,3923
3584932,22323,3923
3584932,25737,3923
3584932,26659,3923
3584932,28483,3923
3584932,29105,3923
3584932,39308,3923
3584932,42166,3923
3584932,43289,3923
leaf719.txt
