leaf
3073262,144504,1981
3073262,144647,1981
3073262,145349,1981
3073262,146288,1981
3073262,146585,1981
3073262,147208,1981
3073262,147666,1981
3073364,4120,1981
3073364,4491,1981
3073364,12016,1981
3073364,12760,1981
3073364,14089,1981
3073364,20142,1981
3073364,22400,1981
3073364,23749,1981
3073364,24726,1981
3073364,28299,1981
3073364,29719,1981
3073364,30649,1981
3073364,32282,1981
3073364,36040,1981
3073364,37502,1981
3073364,39642,1981
3073364,42816,1981
3073364,43602,1981
3073364,44293,1981
3073364,45813,1981
3073364,46534,1981
3073364,46676,1981
3073364,50041,1981
3073364,50206,1981
3073364,53866,1981
3073364,54666,1981
3073364,54996,1981
3073364,55882,1981
3073364,56759,1981
3073364,58960,1981
3073364,60361,1981
3073364,60369,1981
3073364,65834,1981
3073364,69368,1981
3073364,69636,1981
3073364,71638,1981
3073364,77655,1981
3073364,86813,1981
3073364,89840,1981
3073364,90162,1981
3073364,90746,1981
3073364,94613,1981
3073364,98545,1981
3073364,105553,1981
3073364,105560,1981
3073364,107329,1981
3073364,114798,1981
3073364,116092,1981
3073364,121097,1981
3073364,121897,1981
3073364,124539,1981
3073364,136406,1981
3073364,138988,1981
3073364,146580,1981
3073364,147375,1981
3073364,148052,1981
3073367,1013,1982
3073367,1308,1982
3073367,3428,1982
3073367,4062,1982
3073367,7576,1982
3073367,8540,1982
3073367,14028,1982
3073367,16008,1982
3073367,16519,1982
3073367,16977,1982
3073367,17948,1982
3073367,18777,1982
3073367,19760,1982
3073367,29511,1982
3073367,33436,1982
3073367,39544,1982
3073367,40405,1982
3073367,41186,1982
3073367,46322,1982
3073367,46719,1982
3073367,48399,1982
3073367,49616,1982
3073367,50036,1982
3073367,52556,1982
3073367,53559,1982
3073367,54666,1982
3073367,56330,1982
3073367,65654,1982
3073367,68367,1982
3073367,69143,1982
3073367,70733,1982
3073367,72763,1982
3073367,73708,1982
3073367,75783,1982
3073367,83279,1982
3073367,87746,1982
3073367,88868,1982
3073367,88979,1982
3073367,89770,1982
3073367,94160,1982
3073367,96544,1982
3073367,97425,1982
3073367,103069,1982
3073367,105306,1982
3073367,109286,1982
3073367,109578,1982
3073367,110325,1982
3073367,111802,1982
3073367,115517,1982
3073367,115954,1982
3073367,117336,1982
3073367,118909,1982
3073367,119386,1982
3073367,123105,1982
3073367,129803,1982
3073367,133381,1982
3073367,140919,1982
3073888,3081,1983
3073888,3325,1983
3073888,4552,1983
3073888,4781,1983
3073888,5181,1983
3073888,5689,1983
3073888,6995,1983
3073888,8920,1983
3073888,11474,1983
3073888,11926,1983
3073888,14873,1983
3073888,18692,1983
3073888,18918,1983
3073888,19154,1983
3073888,20197,1983
3073888,20720,1983
3073888,24885,1983
3073888,25631,1983
3073888,28483,1983
3073888,29200,1983
3073888,29869,1983
3073888,32985,1983
3073888,39729,1983
3073888,40391,1983
3073888,42060,1983
3073888,44738,1983
3073888,47241,1983
3073888,49967,1983
3073888,58836,1983
3073888,60178,1983
3073888,66006,1983
3073888,67275,1983
3073888,73415,1983
3073888,74461,1983
3073888,77512,1983
3073888,77526,1983
3073888,78337,1983
3073888,78576,1983
3073888,83807,1983
3073888,84501,1983
3073888,86033,1983
3073888,89977,1983
3073888,90581,1983
3073888,91416,1983
3073888,92667,1984
3073888,93868,1984
3073888,95155,1984
3073888,97072,1984
3073888,100905,1984
3073888,102625,1984
3073888,109031,1984
3073888,109598,1984
3073888,112966,1984
3073888,113366,1984
3073888,114821,1984
3073888,114845,1984
3073888,115634,1984
3073888,115799,1984
3073888,117856,1984
3073888,121202,1984
3073888,122738,1984
3073888,125231,1984
3073888,125540,1984
3073888,126233,1984
3073888,128077,1984
3073888,129900,1984
3073888,131302,1984
3073888,132547,1984
3073888,132572,1984
3073888,133128,1984
3073888,133402,1984
3073888,136122,1984
3073888,139380,1984
3073888,140369,1984
3073888,142564,1984
3073888,142819,1984
3073888,144267,1984
3073888,146346,1984
3073888,147848,1984
3073888,147992,1984
3073888,148445,1984
3073969,2039,1982
3073969,3762,1982
3073969,17711,1982
3073969,33673,1982
3073969,40612,1982
3073969,42178,1982
3073969,43149,1982
3073969,48299,1982
3073969,50386,1982
3073969,53611,1983
3073969,53805,1983
3073969,55199,1983
3073969,56290,1983
3073969,61389,1983
3073969,63622,1983
3073969,70391,1983
3073969,75129,1983
3073969,76412,1983
3073969,84216,1983
3073969,84668,1983
3073969,87659,1983
3073969,92191,1983
3073969,96099,1983
3073969,123240,1983
3073969,126950,1983
3073969,132811,1983
3073969,139080,1983
3073969,139647,1983
3073969,142280,1983
3073969,144181,1983
3073969,148033,1983
3074327,6652,1984
3074327,14501,1984
3074327,17559,1984
3074327,18125,1984
3074327,22316,1984
3074327,32835,1984
3074327,39544,1984
3074327,42050,1984
3074327,42185,1984
3074327,46948,1984
3074327,80033,1984
3074327,87830,1984
3074327,104934,1984
3074327,123182,1984
3074327,130384,1984
3074327,141428,1984
3074327,143807,1984
3074786,971,1986
3074786,1797,1986
3074786,4043,1986
3074786,5903,1986
3074786,6098,1986
3074786,7230,1986
3074786,9011,1986
3074786,9567,1986
3074786,10853,1986
3074786,14240,1986
3074786,15275,1986
3074786,16063,1986
3074786,21050,1986
3074786,26631,1986
3074786,26664,1986
3074786,28701,1987
3074786,29821,1987
3074786,33813,1987
3074786,34188,1987
3074786,34300,1987
3074786,36188,1987
3074786,37007,1987
3074786,37070,1987
3074786,38464,1987
3074786,40320,1987
3074786,41392,1987
3074786,42602,1987
3074786,43541,1987
3074786,43670,1987
3074786,43723,1987
3074786,46765,1987
3074786,47462,1987
3074786,47615,1987
3074786,48443,1987
3074786,50204,1987
3074786,53524,1987
3074786,55823,1987
3074786,56500,1987
3074786,56921,1987
3074786,57162,1987
3074786,61985,1987
3074786,62133,1987
3074786,62343,1987
3074786,63185,1987
3074786,63621,1987
3074786,67490,1987
3074786,70876,1987
3074786,72656,1987
3074786,73592,1987
3074786,73633,1987
3074786,76204,1987
3074786,78032,1987
3074786,78535,1987
3074786,80304,1987
3074786,80342,1987
3074786,82956,1987
3074786,84561,1987
3074786,88767,1987
3074786,89297,1987
3074786,90203,1987
3074786,92257,1987
3074786,92337,1987
3074786,92911,1987
3074786,94044,1987
3074786,94373,1987
3074786,96039,1987
3074786,99327,1987
3074786,103255,1987
3074786,104802,1987
3074786,106220,1987
3074786,108007,1987
3074786,108101,1987
3074786,108157,1987
3074786,108575,1987
3074786,111898,1987
3074786,112241,1987
3074786,112465,1987
3074786,114815,1987
3074786,115673,1987
3074786,116598,1987
3074786,120117,1987
3074786,120453,1988
3074786,121963,1988
3074786,122269,1988
3074786,124795,1988
3074786,124852,1988
3074786,125338,1988
3074786,125347,1988
3074786,127834,1988
3074786,131884,1988
3074786,131917,1988
3074786,135215,1988
3074786,136845,1988
3074786,139395,1988
3074786,140055,1988
3074786,140726,1988
3074786,143578,1988
3074786,143761,1988
3074786,145223,1988
3074786,146632,1988
3074786,147260,1988
3074787,1321,1984
3074787,2127,1984
3074787,5068,1984
3074787,6149,1984
3074787,6738,1984
3074787,7589,1984
3074787,13083,1984
3074787,13531,1984
3074787,13971,1984
3074787,18342,1984
3074787,21198,1984
leaf364.txt
