leaf
3386669,106945,3014
3386669,107077,3014
3386669,109870,3014
3386669,113785,3014
3386669,120152,3014
3386669,123263,3014
3386669,123453,3014
3386669,124509,3014
3386669,127788,3014
3386669,129519,3014
3386669,129595,3014
3386669,130987,3014
3386669,131573,3015
3386669,133427,3015
3386669,136471,3015
3386669,137748,3015
3386669,143794,3015
3386669,145336,3015
3386669,148716,3015
3386790,827,3015
3386790,3879,3015
3386790,5852,3015
3386790,6761,3015
3386790,8985,3015
3386790,9186,3015
3386790,16740,3015
3386790,24704,3015
3386790,31314,3015
3386790,32066,3015
3386790,32393,3015
3386790,46289,3015
3386790,46396,3015
3386790,49757,3015
3386790,51849,3015
3386790,57173,3015
3386790,60938,3015
3386790,66180,3015
3386790,66914,3015
3386790,70361,3015
3386790,75261,3015
3386790,76348,3015
3386790,83428,3015
3386790,89207,3015
3386790,90118,3015
3386790,92931,3015
3386790,98863,3015
3386790,103245,3015
3386790,104419,3015
3386790,105428,3015
3386790,111668,3015
3386790,112954,3015
3386790,119375,3015
3386790,123385,3015
3386790,124690,3015
3386790,138714,3015
3386790,140902,3015
3386790,142440,3015
3387508,2892,3018
3387508,5537,3018
3387508,6576,3018
3387508,8392,3018
3387508,10597,3018
3387508,10689,3018
3387508,10837,3018
3387508,10857,3018
3387508,11051,3018
3387508,11187,3018
3387508,11188,3018
3387508,11227,3018
3387508,12905,3018
3387508,13385,3018
3387508,13585,3018
3387508,14075,3018
3387508,14166,3018
3387508,14596,3018
3387508,14599,3018
3387508,17144,3018
3387508,18486,3018
3387508,20247,3019
3387508,21359,3019
3387508,21460,3019
3387508,25605,3019
3387508,26309,3019
3387508,27646,3019
3387508,28460,3019
3387508,29283,3019
3387508,30048,3019
3387508,30664,3019
3387508,32331,3019
3387508,32390,3019
3387508,33130,3019
3387508,34840,3019
3387508,36176,3019
3387508,37345,3019
3387508,37387,3019
3387508,37697,3019
3387508,38346,3019
3387508,39313,3019
3387508,40051,3019
3387508,40843,3019
3387508,41115,3019
3387508,43026,3019
3387508,43190,3019
3387508,43808,3019
3387508,45496,3019
3387508,46567,3019
3387508,46709,3019
3387508,48236,3019
3387508,49203,3019
3387508,50408,3019
3387508,53047,3019
3387508,53119,3019
3387508,54067,3019
3387508,55362,3019
3387508,56037,3019
3387508,58229,3019
3387508,58688,3019
3387508,59978,3019
3387508,60459,3019
3387508,63125,3019
3387508,64293,3019
3387508,65219,3019
3387508,66815,3019
3387508,71843,3019
3387508,72407,3019
3387508,74260,3019
3387508,74427,3019
3387508,76501,3019
3387508,77656,3019
3387508,77794,3019
3387508,78159,3019
3387508,81577,3019
3387508,81735,3019
3387508,83239,3019
3387508,83268,3019
3387508,84567,3019
3387508,85378,3019
3387508,86187,3019
3387508,86842,3019
3387508,87826,3019
3387508,88438,3019
3387508,91173,3019
3387508,91272,3019
3387508,92245,3019
3387508,94599,3020
3387508,94865,3020
3387508,94892,3020
3387508,96064,3020
3387508,96694,3020
3387508,96909,3020
3387508,97778,3020
3387508,98078,3020
3387508,98334,3020
3387508,98452,3020
3387508,100504,3020
3387508,100776,3020
3387508,101730,3020
3387508,103198,3020
3387508,103594,3020
3387508,104823,3020
3387508,106666,3020
3387508,110165,3020
3387508,110634,3020
3387508,111160,3020
3387508,111238,3020
3387508,111818,3020
3387508,111998,3020
3387508,112391,3020
3387508,114824,3020
3387508,115524,3020
3387508,115819,3020
3387508,116631,3020
3387508,117398,3020
3387508,117641,3020
3387508,118585,3020
3387508,118769,3020
3387508,119172,3020
3387508,121351,3020
3387508,122134,3020
3387508,124756,3020
3387508,125316,3020
3387508,126881,3020
3387508,128071,3020
3387508,128441,3020
3387508,128979,3020
3387508,129005,3020
3387508,131015,3020
3387508,131221,3020
3387508,131814,3020
3387508,132928,3020
3387508,133853,3020
3387508,136825,3020
3387508,138750,3020
3387508,139623,3020
3387508,140035,3020
3387508,141350,3020
3387508,141520,3020
3387508,141563,3020
3387508,142980,3020
3387508,144413,3020
3387508,147862,3020
3387508,148441,3020
3387508,148609,3020
3387591,1711,3017
3387591,5388,3017
3387591,6670,3017
3387591,6681,3017
3387591,9419,3017
3387591,12300,3017
3387591,13106,3017
3387591,27248,3017
3387591,30133,3017
3387591,31049,3017
3387591,34692,3017
3387591,36008,3017
3387591,38701,3017
3387591,40755,3017
3387591,41365,3017
3387591,47274,3017
3387591,48832,3017
3387591,49125,3017
3387591,50770,3017
3387591,52711,3017
3387591,57112,3017
3387591,58459,3017
3387591,60129,3017
3387591,61389,3017
3387591,63913,3017
3387591,66835,3017
3387591,73545,3017
3387591,74586,3017
3387591,74776,3017
3387591,75295,3017
3387591,77345,3018
3387591,77582,3018
3387591,78412,3018
3387591,78833,3018
3387591,79031,3018
3387591,86449,3018
3387591,90492,3018
3387591,91284,3018
3387591,91439,3018
3387591,92343,3018
3387591,93710,3018
3387591,100935,3018
3387591,101847,3018
3387591,104375,3018
3387591,110132,3018
3387591,120280,3018
3387591,124106,3018
3387591,126189,3018
3387591,132945,3018
3387591,135726,3018
3387591,139973,3018
3387591,141922,3018
3387591,142290,3018
3387591,146784,3018
3387591,148370,3018
3387591,148413,3018
3387591,148562,3018
3387595,3723,3018
3387595,14932,3018
3387595,16134,3018
3387595,25449,3018
3387595,33148,3018
3387595,38004,3018
3387595,52756,3018
3387595,53980,3018
3387595,65465,3018
3387595,68730,3018
3387595,69582,3018
3387595,81846,3018
3387595,82642,3018
3387595,102672,3018
3387595,119473,3018
3387595,133687,3018
3387595,140921,3018
3387595,147953,3018
3387736,2506,3020
3387736,3735,3020
3387736,4176,3020
3387736,4875,3020
3387736,5022,3020
3387736,6632,3020
3387736,6978,3020
3387736,11187,3021
3387736,14491,3021
3387736,14721,3021
3387736,18955,3021
3387736,19441,3021
3387736,21481,3021
3387736,24214,3021
3387736,28614,3021
3387736,31042,3021
3387736,35453,3021
3387736,42471,3021
3387736,42938,3021
3387736,44194,3021
3387736,47808,3021
3387736,48655,3021
3387736,59288,3021
3387736,59399,3021
3387736,60009,3021
3387736,61168,3021
3387736,62008,3021
3387736,66101,3021
3387736,74131,3021
3387736,81869,3021
3387736,82469,3021
3387736,86312,3021
3387736,93005,3021
3387736,97639,3021
3387736,111023,3021
3387736,111181,3021
3387736,112175,3021
3387736,113572,3021
3387736,113633,3021
3387736,114665,3021
3387736,117258,3021
3387736,117683,3021
3387736,124332,3021
3387736,124830,3021
3387736,126931,3021
3387736,136466,3021
3387736,140939,3021
3387736,142214,3021
3387736,144549,3021
3387755,23,3016
3387755,2721,3016
3387755,3046,3016
3387755,3196,3016
3387755,4590,3016
3387755,5303,3016
3387755,7890,3016
3387755,9309,3016
3387755,10425,3016
3387755,11906,3016
3387755,13176,3016
3387755,13208,3016
3387755,13966,3016
3387755,17547,3016
3387755,19945,3016
3387755,19997,3016
3387755,20046,3016
3387755,21996,3016
3387755,24803,3016
3387755,32099,3016
3387755,34961,3016
3387755,36515,3016
3387755,40299,3016
3387755,41249,3016
3387755,41565,3016
3387755,42598,3016
3387755,44147,3016
3387755,44666,3016
3387755,45577,3016
3387755,49808,3016
3387755,50416,3016
3387755,56171,3016
3387755,56222,3016
3387755,57521,3016
leaf553.txt
