leaf
3301272,127737,2657
3301272,131838,2657
3301272,134505,2657
3301272,137427,2657
3301272,139663,2657
3301272,140297,2657
3301272,142028,2657
3301272,142666,2657
3301272,142675,2657
3301272,143893,2657
3301272,144483,2657
3301272,146829,2657
3301272,148538,2657
3301392,8847,2656
3301392,15424,2656
3301392,16413,2656
3301392,22879,2656
3301392,31771,2656
3301392,38617,2656
3301392,38643,2656
3301392,45277,2656
3301392,47359,2656
3301392,51547,2656
3301392,52228,2656
3301392,69696,2656
3301392,106851,2656
3301392,108299,2656
3301392,113826,2656
3301392,131090,2656
3301392,137749,2656
3301392,144032,2656
3301392,144233,2656
3301392,146098,2656
3302413,5214,2659
3302413,13681,2659
3302413,14486,2659
3302413,16185,2659
3302413,16543,2659
3302413,16756,2659
3302413,25757,2659
3302413,26151,2659
3302413,26614,2659
3302413,32140,2659
3302413,33476,2659
3302413,34866,2659
3302413,35827,2659
3302413,36597,2659
3302413,37285,2660
3302413,39705,2660
3302413,40314,2660
3302413,42046,2660
3302413,46695,2660
3302413,49216,2660
3302413,49882,2660
3302413,52030,2660
3302413,53144,2660
3302413,54763,2660
3302413,54893,2660
3302413,57021,2660
3302413,62562,2660
3302413,64431,2660
3302413,65366,2660
3302413,66397,2660
3302413,67640,2660
3302413,69311,2660
3302413,78522,2660
3302413,79555,2660
3302413,79702,2660
3302413,90139,2660
3302413,90400,2660
3302413,90477,2660
3302413,92641,2660
3302413,95010,2660
3302413,95072,2660
3302413,95410,2660
3302413,96486,2660
3302413,96631,2660
3302413,98638,2660
3302413,99066,2660
3302413,110337,2660
3302413,111477,2660
3302413,114559,2660
3302413,115425,2660
3302413,117465,2660
3302413,121393,2660
3302413,123388,2660
3302413,123876,2660
3302413,130905,2660
3302413,134840,2660
3302413,142659,2660
3302415,2093,2660
3302415,2875,2660
3302415,5214,2660
3302415,6661,2660
3302415,7158,2660
3302415,9338,2660
3302415,11052,2660
3302415,11410,2660
3302415,16543,2660
3302415,16756,2660
3302415,16965,2660
3302415,17242,2660
3302415,20240,2660
3302415,22032,2660
3302415,23167,2660
3302415,24171,2660
3302415,24485,2660
3302415,25339,2660
3302415,25757,2660
3302415,25964,2660
3302415,26253,2660
3302415,27216,2660
3302415,30099,2660
3302415,31296,2661
3302415,31499,2661
3302415,34866,2661
3302415,36597,2661
3302415,36638,2661
3302415,40539,2661
3302415,42834,2661
3302415,43628,2661
3302415,44756,2661
3302415,46695,2661
3302415,47108,2661
3302415,49216,2661
3302415,53124,2661
3302415,53397,2661
3302415,54040,2661
3302415,54893,2661
3302415,57021,2661
3302415,62229,2661
3302415,63071,2661
3302415,64112,2661
3302415,64431,2661
3302415,66397,2661
3302415,69266,2661
3302415,77448,2661
3302415,77852,2661
3302415,84280,2661
3302415,87817,2661
3302415,88938,2661
3302415,90139,2661
3302415,90240,2661
3302415,90400,2661
3302415,92939,2661
3302415,94696,2661
3302415,94775,2661
3302415,95072,2661
3302415,96486,2661
3302415,98717,2661
3302415,98951,2661
3302415,99066,2661
3302415,100624,2661
3302415,102312,2661
3302415,103543,2661
3302415,103860,2661
3302415,103882,2661
3302415,106295,2661
3302415,109176,2661
3302415,110062,2661
3302415,110517,2661
3302415,111477,2661
3302415,112188,2661
3302415,115662,2661
3302415,118733,2661
3302415,121662,2661
3302415,122069,2661
3302415,122105,2661
3302415,123783,2661
3302415,124035,2661
3302415,125023,2661
3302415,125263,2661
3302415,127198,2661
3302415,127881,2661
3302415,130264,2661
3302415,130905,2661
3302415,131489,2661
3302415,134880,2661
3302415,139412,2661
3302415,140817,2662
3302415,141838,2662
3302415,142992,2662
3302415,145613,2662
3302415,146115,2662
3302415,147674,2662
3302415,148154,2662
3302913,5012,2662
3302913,12293,2662
3302913,20444,2662
3302913,21722,2662
3302913,24824,2662
3302913,29622,2662
3302913,31512,2662
3302913,36612,2662
3302913,39042,2662
3302913,43813,2662
3302913,44893,2662
3302913,46310,2662
3302913,46969,2662
3302913,50433,2662
3302913,54616,2662
3302913,55012,2662
3302913,55287,2662
3302913,58009,2662
3302913,62498,2662
3302913,62640,2662
3302913,63841,2662
3302913,64845,2662
3302913,68137,2662
3302913,68980,2662
3302913,69104,2662
3302913,71738,2662
3302913,72436,2662
3302913,75296,2662
3302913,77569,2662
3302913,84821,2662
3302913,85249,2662
3302913,87412,2662
3302913,89118,2662
3302913,92100,2662
3302913,92162,2662
3302913,93491,2662
3302913,96013,2662
3302913,98286,2662
3302913,100415,2662
3302913,103584,2662
3302913,104815,2662
3302913,106058,2662
3302913,106604,2662
3302913,111568,2662
3302913,111764,2662
3302913,114855,2662
3302913,123083,2662
3302913,123346,2662
3302913,123778,2662
3302913,126905,2662
3302913,128538,2662
3302913,131337,2662
3302913,134177,2662
3302913,138509,2662
3302913,142018,2662
3302913,143238,2662
3302913,144196,2662
3302913,145182,2662
3302913,146415,2662
3302913,147415,2663
3302913,147979,2663
3302913,148093,2663
3303064,2802,2663
3303064,5243,2663
3303064,10960,2663
3303064,11016,2663
3303064,12703,2663
3303064,12744,2663
3303064,15296,2663
3303064,16154,2663
3303064,19954,2663
3303064,20821,2663
3303064,25698,2663
3303064,26177,2663
3303064,28165,2663
3303064,28231,2663
3303064,32301,2663
3303064,33508,2663
3303064,34330,2663
3303064,34644,2663
3303064,37622,2663
3303064,38031,2663
3303064,42013,2663
3303064,43790,2663
3303064,44403,2663
3303064,47582,2663
3303064,48399,2663
3303064,48772,2663
3303064,51023,2663
3303064,54196,2663
3303064,58835,2663
3303064,62434,2663
3303064,63107,2663
3303064,65139,2663
3303064,67759,2663
3303064,70203,2663
3303064,71502,2663
3303064,77331,2663
3303064,80748,2663
3303064,81267,2663
3303064,85642,2663
3303064,86081,2663
3303064,89291,2663
3303064,89683,2663
3303064,94966,2663
3303064,99238,2663
3303064,99693,2663
3303064,102703,2663
3303064,108549,2663
3303064,114060,2663
3303064,116737,2663
3303064,118931,2663
3303064,122800,2663
3303064,123747,2663
3303064,124769,2663
3303064,127586,2663
3303064,128562,2663
3303064,135706,2663
3303064,139163,2663
3303064,141748,2663
3303064,142406,2663
3303064,146385,2663
3303064,148093,2663
3303357,4534,2663
3303357,4565,2663
3303357,5806,2664
3303357,6867,2664
3303357,14285,2664
3303357,19114,2664
3303357,19657,2664
3303357,24194,2664
3303357,26253,2664
3303357,27659,2664
3303357,31185,2664
3303357,31578,2664
3303357,32866,2664
3303357,35071,2664
3303357,38018,2664
3303357,39275,2664
3303357,40467,2664
3303357,42088,2664
3303357,60867,2664
3303357,62079,2664
3303357,73721,2664
3303357,80862,2664
3303357,82477,2664
3303357,83239,2664
3303357,87723,2664
3303357,89800,2664
3303357,94147,2664
3303357,98465,2664
3303357,99491,2664
3303357,100118,2664
3303357,108328,2664
3303357,114283,2664
3303357,117801,2664
3303357,120133,2664
3303357,121573,2664
3303357,122540,2664
3303357,122805,2664
3303357,124431,2664
3303357,127083,2664
3303357,134877,2664
3303357,139859,2664
3303357,140395,2664
3303357,141808,2664
3303357,146604,2664
3303357,148323,2664
3305121,422,2668
3305121,4610,2668
3305121,10499,2668
3305121,14802,2668
3305121,18184,2669
3305121,19552,2669
3305121,22930,2669
leaf488.txt
