leaf
3273994,131156,2563
3273994,134510,2563
3273994,134910,2563
3273994,135841,2563
3273994,136432,2563
3273994,139874,2563
3273994,140638,2563
3274739,889,2566
3274739,8530,2566
3274739,11293,2566
3274739,11790,2566
3274739,19099,2566
3274739,23681,2566
3274739,25701,2566
3274739,26631,2566
3274739,27288,2566
3274739,27996,2566
3274739,32661,2566
3274739,34300,2566
3274739,36944,2566
3274739,42198,2566
3274739,43043,2566
3274739,49400,2566
3274739,50175,2566
3274739,53610,2566
3274739,55176,2566
3274739,59242,2566
3274739,68012,2566
3274739,74023,2566
3274739,79555,2566
3274739,91203,2566
3274739,93932,2566
3274739,99696,2566
3274739,101222,2566
3274739,101734,2566
3274739,104140,2566
3274739,107220,2566
3274739,110218,2566
3274739,111274,2566
3274739,113281,2566
3274739,115567,2566
3274739,117073,2566
3274739,121661,2566
3274739,122642,2566
3274739,127018,2566
3274739,129051,2566
3274739,132425,2567
3274739,136518,2567
3274739,138526,2567
3274739,141393,2567
3274739,144944,2567
3275225,1632,2567
3275225,5842,2567
3275225,12974,2567
3275225,13339,2567
3275225,25437,2567
3275225,33838,2567
3275225,57187,2567
3275225,68728,2567
3275225,74963,2567
3275225,81617,2567
3275225,84530,2567
3275225,88392,2567
3275225,92758,2567
3275225,93868,2567
3275225,108569,2567
3275225,114007,2567
3275225,118073,2567
3275225,130275,2567
3275225,136796,2567
3275245,1487,2567
3275245,3927,2567
3275245,7538,2567
3275245,8306,2567
3275245,8847,2567
3275245,9584,2567
3275245,10065,2567
3275245,11860,2567
3275245,12174,2567
3275245,16122,2567
3275245,17824,2567
3275245,17877,2567
3275245,17885,2567
3275245,18307,2568
3275245,18816,2568
3275245,20068,2568
3275245,20123,2568
3275245,21087,2568
3275245,21894,2568
3275245,26543,2568
3275245,28220,2568
3275245,28839,2568
3275245,28921,2568
3275245,29876,2568
3275245,29936,2568
3275245,29945,2568
3275245,30016,2568
3275245,30120,2568
3275245,30839,2568
3275245,31721,2568
3275245,32221,2568
3275245,35483,2568
3275245,36479,2568
3275245,37457,2568
3275245,39923,2568
3275245,40843,2568
3275245,42894,2568
3275245,43537,2568
3275245,44941,2568
3275245,47593,2568
3275245,48927,2568
3275245,49446,2568
3275245,50571,2568
3275245,51420,2568
3275245,51542,2568
3275245,51994,2568
3275245,53752,2568
3275245,55061,2568
3275245,55698,2568
3275245,56016,2568
3275245,60964,2568
3275245,61518,2568
3275245,62665,2568
3275245,64675,2568
3275245,66178,2568
3275245,66311,2568
3275245,66700,2568
3275245,68679,2568
3275245,70195,2568
3275245,70314,2568
3275245,70377,2568
3275245,70378,2568
3275245,70576,2568
3275245,71981,2568
3275245,72622,2568
3275245,72819,2568
3275245,73323,2568
3275245,74343,2568
3275245,74349,2568
3275245,76171,2568
3275245,77794,2568
3275245,77817,2568
3275245,79467,2568
3275245,79950,2568
3275245,80404,2568
3275245,84240,2568
3275245,84392,2568
3275245,85089,2568
3275245,88563,2568
3275245,89972,2569
3275245,92722,2569
3275245,94818,2569
3275245,95085,2569
3275245,95530,2569
3275245,95732,2569
3275245,98342,2569
3275245,98455,2569
3275245,99127,2569
3275245,100169,2569
3275245,101580,2569
3275245,102058,2569
3275245,102604,2569
3275245,103777,2569
3275245,104123,2569
3275245,104846,2569
3275245,105221,2569
3275245,107593,2569
3275245,107870,2569
3275245,108655,2569
3275245,110489,2569
3275245,113258,2569
3275245,113482,2569
3275245,114256,2569
3275245,116634,2569
3275245,117228,2569
3275245,117314,2569
3275245,117566,2569
3275245,118411,2569
3275245,118752,2569
3275245,119023,2569
3275245,122199,2569
3275245,124647,2569
3275245,124753,2569
3275245,125184,2569
3275245,125371,2569
3275245,129077,2569
3275245,129327,2569
3275245,130622,2569
3275245,130649,2569
3275245,131047,2569
3275245,131055,2569
3275245,131698,2569
3275245,131995,2569
3275245,132928,2569
3275245,134223,2569
3275245,134267,2569
3275245,134413,2569
3275245,134935,2569
3275245,135778,2569
3275245,137348,2569
3275245,140341,2569
3275245,140351,2569
3275245,140768,2569
3275245,141179,2569
3275245,142196,2569
3275245,142859,2569
3275245,142969,2569
3275245,143334,2569
3275245,145098,2569
3275245,145957,2569
3275245,146365,2569
3275245,147778,2569
3275245,148740,2569
3275271,2213,2567
3275271,18704,2567
3275271,31285,2567
3275271,42320,2567
3275271,47286,2567
3275271,51849,2567
3275271,56140,2567
3275271,56780,2567
3275271,60149,2567
3275271,60706,2567
3275271,61520,2567
3275271,66283,2567
3275271,67147,2567
3275271,71911,2567
3275271,81729,2567
3275271,86711,2567
3275271,88259,2567
3275271,92230,2567
3275271,99476,2567
3275271,101226,2567
3275271,111331,2567
3275271,111448,2567
3275271,120990,2567
3275271,130001,2567
3275271,132605,2567
3275271,137125,2567
3275271,138665,2567
3275271,139080,2567
3275271,141719,2567
3275324,3137,2569
3275324,5970,2569
3275324,7689,2570
3275324,13797,2570
3275324,23389,2570
3275324,26558,2570
3275324,28596,2570
3275324,28716,2570
3275324,28912,2570
3275324,32196,2570
3275324,32547,2570
3275324,34137,2570
3275324,35662,2570
3275324,38506,2570
3275324,42925,2570
3275324,47862,2570
3275324,50262,2570
3275324,54155,2570
3275324,55076,2570
3275324,56858,2570
3275324,61813,2570
3275324,63661,2570
3275324,64782,2570
3275324,65949,2570
3275324,66210,2570
3275324,67482,2570
3275324,67930,2570
3275324,69315,2570
3275324,70018,2570
3275324,70591,2570
3275324,72765,2570
3275324,77297,2570
3275324,79144,2570
3275324,81189,2570
3275324,82161,2570
3275324,82761,2570
3275324,93131,2570
3275324,96353,2570
3275324,100465,2570
3275324,100506,2570
3275324,102765,2570
3275324,103893,2570
3275324,104768,2570
3275324,105506,2570
3275324,106617,2570
3275324,107255,2570
3275324,107721,2570
3275324,108046,2570
3275324,108523,2570
3275324,110657,2570
3275324,112744,2570
3275324,116988,2570
3275324,127321,2570
3275324,127389,2570
3275324,127907,2570
3275324,131180,2570
3275324,132460,2570
3275324,134896,2570
3275324,138167,2570
3275324,138250,2570
3275324,141059,2570
3275324,141725,2570
3275324,144435,2570
3275324,146294,2570
3275324,147635,2570
3276254,5178,2573
3276254,12299,2573
3276254,19090,2573
3276254,28116,2573
3276254,46376,2573
3276254,56300,2573
3276254,68925,2573
3276254,80701,2573
3276254,82094,2573
3276254,82713,2573
3276254,82842,2573
3276254,85143,2574
3276254,93856,2574
3276254,105324,2574
3276254,115597,2574
3276254,120066,2574
3276254,124176,2574
3276254,124225,2574
3276254,127753,2574
3276254,128167,2574
3276254,132906,2574
3276254,144445,2574
3276259,2878,2570
3276259,5260,2570
3276259,16368,2570
3276259,22972,2571
3276259,23275,2571
3276259,24444,2571
3276259,25504,2571
3276259,34158,2571
3276259,37567,2571
3276259,38996,2571
3276259,41727,2571
3276259,51358,2571
3276259,54047,2571
3276259,55371,2571
3276259,56226,2571
3276259,64549,2571
3276259,69438,2571
3276259,70741,2571
3276259,76608,2571
3276259,80221,2571
3276259,81302,2571
3276259,92616,2571
3276259,93378,2571
3276259,96944,2571
3276259,106557,2571
3276259,106935,2571
3276259,107432,2571
3276259,108994,2571
3276259,116709,2571
3276259,117009,2571
3276259,118317,2571
3276259,118441,2571
leaf471.txt
