leaf
2849029,122310,1378
2849029,122405,1378
2849029,122525,1378
2849029,123289,1378
2849029,123860,1378
2849029,123979,1378
2849029,124968,1378
2849029,125331,1378
2849029,135210,1378
2849029,139692,1378
2849029,139825,1378
2849029,143654,1378
2849029,144462,1378
2849029,147004,1378
2849029,148194,1378
2849033,1418,1380
2849033,3954,1380
2849033,4916,1380
2849033,5082,1380
2849033,8776,1380
2849033,9550,1380
2849033,9777,1380
2849033,10636,1380
2849033,12901,1380
2849033,13481,1380
2849033,14277,1380
2849033,14577,1380
2849033,14906,1380
2849033,15964,1380
2849033,16716,1380
2849033,17375,1380
2849033,17694,1380
2849033,20193,1380
2849033,21113,1380
2849033,21739,1380
2849033,21962,1380
2849033,24156,1380
2849033,24461,1380
2849033,25276,1380
2849033,25326,1380
2849033,26086,1380
2849033,28038,1380
2849033,29589,1380
2849033,29998,1380
2849033,31285,1380
2849033,31672,1380
2849033,31700,1380
2849033,35537,1380
2849033,36136,1380
2849033,39497,1380
2849033,40018,1380
2849033,40496,1380
2849033,40941,1380
2849033,41055,1380
2849033,42126,1380
2849033,42732,1380
2849033,42982,1380
2849033,43077,1380
2849033,43125,1380
2849033,43689,1380
2849033,44590,1380
2849033,47895,1381
2849033,49741,1381
2849033,52403,1381
2849033,53272,1381
2849033,54843,1381
2849033,55052,1381
2849033,55569,1381
2849033,59199,1381
2849033,59620,1381
2849033,61094,1381
2849033,61452,1381
2849033,62237,1381
2849033,63800,1381
2849033,64745,1381
2849033,66755,1381
2849033,69466,1381
2849033,69478,1381
2849033,70674,1381
2849033,71538,1381
2849033,72095,1381
2849033,72274,1381
2849033,73134,1381
2849033,74150,1381
2849033,76068,1381
2849033,76502,1381
2849033,78675,1381
2849033,80913,1381
2849033,81240,1381
2849033,84521,1381
2849033,84794,1381
2849033,84869,1381
2849033,85386,1381
2849033,85609,1381
2849033,86132,1381
2849033,86249,1381
2849033,86420,1381
2849033,87082,1381
2849033,88065,1381
2849033,88116,1381
2849033,88738,1381
2849033,88818,1381
2849033,89040,1381
2849033,91311,1381
2849033,91391,1381
2849033,91805,1381
2849033,91907,1381
2849033,92392,1381
2849033,95057,1381
2849033,95187,1381
2849033,98632,1381
2849033,98972,1381
2849033,100819,1381
2849033,101413,1381
2849033,101577,1381
2849033,102426,1381
2849033,102640,1381
2849033,104816,1381
2849033,106025,1381
2849033,106030,1381
2849033,109073,1381
2849033,109809,1381
2849033,110104,1381
2849033,111350,1381
2849033,117351,1381
2849033,117780,1381
2849033,117809,1381
2849033,117852,1382
2849033,119572,1382
2849033,119597,1382
2849033,120076,1382
2849033,120317,1382
2849033,122159,1382
2849033,122310,1382
2849033,122405,1382
2849033,123979,1382
2849033,124102,1382
2849033,124485,1382
2849033,124510,1382
2849033,125331,1382
2849033,127645,1382
2849033,131515,1382
2849033,133816,1382
2849033,134168,1382
2849033,139825,1382
2849033,139996,1382
2849033,141514,1382
2849033,141717,1382
2849033,148194,1382
2849365,4050,1379
2849365,4595,1379
2849365,9470,1379
2849365,9809,1379
2849365,12706,1379
2849365,15487,1379
2849365,18722,1379
2849365,19250,1379
2849365,25761,1379
2849365,28382,1379
2849365,35484,1379
2849365,46490,1379
2849365,48945,1379
2849365,49685,1379
2849365,51345,1379
2849365,59247,1379
2849365,61459,1379
2849365,66282,1379
2849365,66971,1379
2849365,75047,1379
2849365,78932,1379
2849365,83527,1379
2849365,84092,1379
2849365,86687,1379
2849365,86789,1379
2849365,89475,1379
2849365,92764,1380
2849365,97988,1380
2849365,99906,1380
2849365,103754,1380
2849365,110387,1380
2849365,111203,1380
2849365,111297,1380
2849365,115560,1380
2849365,118384,1380
2849365,119961,1380
2849365,124798,1380
2849365,128445,1380
2849365,129948,1380
2849365,132508,1380
2849365,136908,1380
2849365,138818,1380
2849365,141551,1380
2849365,144471,1380
2849365,144516,1380
2849365,145799,1380
2849369,4754,1382
2849369,9631,1382
2849369,14227,1382
2849369,15555,1382
2849369,17114,1382
2849369,25484,1382
2849369,25570,1382
2849369,26835,1382
2849369,29409,1382
2849369,29542,1382
2849369,33599,1382
2849369,34674,1382
2849369,36152,1382
2849369,40814,1382
2849369,41024,1382
2849369,41320,1382
2849369,45628,1382
2849369,45966,1382
2849369,47167,1382
2849369,51345,1382
2849369,59858,1382
2849369,61977,1382
2849369,63881,1382
2849369,65802,1382
2849369,66282,1382
2849369,66485,1382
2849369,68441,1382
2849369,71056,1382
2849369,71741,1382
2849369,86715,1382
2849369,87781,1382
2849369,90257,1382
2849369,90902,1382
2849369,98835,1382
2849369,103853,1382
2849369,106190,1382
2849369,106783,1382
2849369,111528,1382
2849369,117322,1382
2849369,119383,1382
2849369,125472,1382
2849369,126426,1382
2849369,129898,1382
2849369,131059,1382
2849369,132968,1383
2849369,133348,1383
2849369,138133,1383
2849369,139068,1383
2849369,141818,1383
2849369,144804,1383
2849369,146813,1383
2849369,148832,1383
2851479,6308,1383
2851479,6353,1383
2851479,9451,1383
2851479,23351,1383
2851479,27040,1383
2851479,28939,1383
2851479,43124,1383
2851479,43868,1383
2851479,50757,1383
2851479,52188,1383
2851479,53211,1383
2851479,53866,1383
2851479,58116,1383
2851479,68684,1383
2851479,68834,1383
2851479,69636,1383
2851479,77240,1383
2851479,80274,1383
2851479,81789,1383
2851479,87426,1383
2851479,89149,1383
2851479,93625,1383
2851479,95895,1383
2851479,106663,1383
2851479,107656,1383
2851479,112985,1383
2851479,118669,1383
2851479,119637,1383
2851479,120595,1383
2851479,124108,1383
2851479,127548,1383
2851479,129611,1383
2851479,135634,1383
2851479,139009,1383
2851479,140144,1383
2852894,241,1383
2852894,2246,1383
2852894,3496,1383
2852894,4387,1383
2852894,4605,1383
2852894,5839,1383
2852894,9935,1383
2852894,11452,1383
2852894,14124,1383
2852894,17859,1383
2852894,18626,1383
2852894,18924,1383
2852894,19608,1383
2852894,20632,1383
2852894,22205,1383
2852894,22937,1383
2852894,23456,1383
2852894,24863,1383
2852894,25761,1383
2852894,29098,1383
2852894,30739,1383
2852894,31061,1383
2852894,33273,1383
2852894,33745,1384
2852894,34054,1384
2852894,37301,1384
2852894,39559,1384
2852894,40663,1384
2852894,42825,1384
2852894,44421,1384
2852894,47108,1384
2852894,47416,1384
2852894,52902,1384
2852894,52937,1384
2852894,54230,1384
2852894,56093,1384
2852894,57426,1384
2852894,59730,1384
2852894,62011,1384
2852894,62448,1384
2852894,66684,1384
2852894,68361,1384
2852894,69400,1384
2852894,70027,1384
2852894,71092,1384
2852894,71618,1384
2852894,71659,1384
2852894,74514,1384
2852894,75395,1384
2852894,75896,1384
2852894,76945,1384
2852894,77772,1384
2852894,78502,1384
2852894,80599,1384
2852894,81519,1384
2852894,82025,1384
2852894,82163,1384
2852894,82199,1384
2852894,83262,1384
2852894,84058,1384
2852894,87064,1384
2852894,87355,1384
2852894,87379,1384
2852894,87601,1384
2852894,87740,1384
2852894,89422,1384
2852894,90002,1384
2852894,90057,1384
2852894,90784,1384
2852894,91338,1384
2852894,91687,1384
2852894,91784,1384
2852894,93069,1384
2852894,93534,1384
2852894,94376,1384
2852894,94580,1384
2852894,98811,1384
2852894,100641,1384
2852894,101863,1384
leaf254.txt
