leaf
3513535,89304,3731
3513535,90566,3731
3513535,90941,3731
3513535,90969,3731
3513535,92271,3731
3513535,92844,3731
3513535,93347,3731
3513535,96706,3731
3513535,97778,3731
3513535,98346,3731
3513535,99436,3731
3513535,99544,3731
3513535,99837,3731
3513535,100188,3731
3513535,100920,3731
3513535,102295,3731
3513535,102566,3731
3513535,103402,3731
3513535,103792,3731
3513535,106675,3731
3513535,107746,3731
3513535,110498,3731
3513535,111996,3731
3513535,112004,3731
3513535,112531,3731
3513535,113498,3731
3513535,116182,3731
3513535,116926,3731
3513535,117555,3731
3513535,119334,3731
3513535,120233,3731
3513535,120424,3731
3513535,121436,3731
3513535,121880,3731
3513535,122004,3731
3513535,123106,3731
3513535,126139,3731
3513535,127521,3731
3513535,128046,3731
3513535,128191,3731
3513535,134198,3731
3513535,136838,3731
3513535,136918,3731
3513535,138526,3732
3513535,138933,3732
3513535,139582,3732
3513535,141999,3732
3513535,142037,3732
3513535,142604,3732
3513535,142938,3732
3513535,149268,3732
3514246,1020,3741
3514246,11786,3741
3514246,11949,3741
3514246,16413,3741
3514246,18211,3741
3514246,19744,3741
3514246,28808,3741
3514246,33470,3741
3514246,36536,3741
3514246,37432,3741
3514246,42407,3741
3514246,44070,3741
3514246,50588,3741
3514246,52804,3741
3514246,53694,3741
3514246,55406,3741
3514246,57611,3741
3514246,60938,3741
3514246,61309,3741
3514246,62954,3741
3514246,63713,3741
3514246,65366,3741
3514246,70203,3741
3514246,72645,3741
3514246,81921,3741
3514246,82706,3741
3514246,82744,3741
3514246,84945,3741
3514246,90986,3741
3514246,92493,3741
3514246,97364,3741
3514246,101114,3741
3514246,101839,3741
3514246,106371,3741
3514246,110647,3741
3514246,111181,3741
3514246,116078,3741
3514246,116312,3741
3514246,116859,3741
3514246,119756,3741
3514246,129325,3741
3514246,136711,3741
3514246,137213,3741
3514246,137226,3742
3514246,141179,3742
3514246,141228,3742
3514246,142703,3742
3514246,143095,3742
3514246,144214,3742
3514246,149070,3742
3514353,866,3736
3514353,5356,3736
3514353,6419,3736
3514353,6783,3736
3514353,9276,3736
3514353,19385,3736
3514353,21730,3736
3514353,26764,3736
3514353,27083,3736
3514353,27776,3736
3514353,33206,3736
3514353,36932,3736
3514353,48006,3736
3514353,50254,3736
3514353,61459,3736
3514353,81509,3736
3514353,86743,3736
3514353,102584,3736
3514353,103397,3736
3514353,103456,3736
3514353,106572,3736
3514353,108308,3736
3514353,108802,3736
3514353,113387,3736
3514353,128383,3736
3514353,134559,3736
3514353,134686,3736
3514353,135804,3736
3514353,138084,3736
3514353,145700,3736
3514353,148676,3736
3514357,1811,3743
3514357,2514,3743
3514357,6323,3743
3514357,6578,3743
3514357,8029,3743
3514357,9166,3743
3514357,10480,3743
3514357,11906,3743
3514357,12543,3743
3514357,13528,3743
3514357,14192,3743
3514357,14754,3743
3514357,14897,3743
3514357,20499,3743
3514357,22124,3743
3514357,24330,3743
3514357,24333,3743
3514357,24350,3743
3514357,24464,3743
3514357,25342,3743
3514357,27619,3743
3514357,29745,3743
3514357,42370,3743
3514357,43668,3743
3514357,44390,3743
3514357,47972,3743
3514357,48729,3743
3514357,49778,3743
3514357,51375,3743
3514357,51487,3744
3514357,52809,3744
3514357,54552,3744
3514357,59763,3744
3514357,63277,3744
3514357,68738,3744
3514357,69212,3744
3514357,72913,3744
3514357,73924,3744
3514357,74044,3744
3514357,77067,3744
3514357,78941,3744
3514357,79999,3744
3514357,80051,3744
3514357,80475,3744
3514357,84516,3744
3514357,85871,3744
3514357,86611,3744
3514357,89042,3744
3514357,89440,3744
3514357,89524,3744
3514357,91981,3744
3514357,92742,3744
3514357,94935,3744
3514357,95650,3744
3514357,96927,3744
3514357,97753,3744
3514357,99160,3744
3514357,104748,3744
3514357,107307,3744
3514357,107546,3744
3514357,108128,3744
3514357,108560,3744
3514357,109300,3744
3514357,109387,3744
3514357,109750,3744
3514357,110221,3744
3514357,110577,3744
3514357,111812,3744
3514357,112572,3744
3514357,113690,3744
3514357,116902,3744
3514357,121968,3744
3514357,122121,3744
3514357,122967,3744
3514357,123714,3744
3514357,125007,3744
3514357,128494,3744
3514357,129306,3744
3514357,130260,3744
3514357,130429,3744
3514357,132026,3744
3514357,132384,3744
3514357,132647,3744
3514357,133367,3744
3514357,133400,3744
3514357,136450,3744
3514357,136645,3744
3514357,139920,3744
3514357,141911,3744
3514357,142342,3744
3514357,145240,3744
3514357,148267,3744
3514357,148867,3744
3514371,208,3742
3514371,4606,3742
3514371,5028,3742
3514371,9257,3742
3514371,9877,3742
3514371,10900,3742
3514371,11626,3742
3514371,13556,3742
3514371,19707,3742
3514371,20560,3742
3514371,22114,3742
3514371,22325,3742
3514371,22523,3742
3514371,22943,3742
3514371,23000,3742
3514371,23170,3742
3514371,37243,3742
3514371,39304,3743
3514371,42060,3743
3514371,58492,3743
3514371,63186,3743
3514371,63220,3743
3514371,72173,3743
3514371,76346,3743
3514371,77575,3743
3514371,77708,3743
3514371,78590,3743
3514371,80731,3743
3514371,83345,3743
3514371,87833,3743
3514371,88410,3743
3514371,91072,3743
3514371,93250,3743
3514371,93479,3743
3514371,94598,3743
3514371,96541,3743
3514371,99619,3743
3514371,99870,3743
3514371,100018,3743
3514371,100935,3743
3514371,103617,3743
3514371,105777,3743
3514371,109266,3743
3514371,111603,3743
3514371,121337,3743
3514371,121339,3743
3514371,121447,3743
3514371,130338,3743
3514371,132691,3743
3514371,141212,3743
3514371,143048,3743
3514371,145803,3743
3514371,146725,3743
3514371,148732,3743
3514567,4166,3740
3514567,9690,3740
3514567,10542,3740
3514567,11442,3740
3514567,12234,3740
3514567,23728,3741
3514567,30202,3741
3514567,44065,3741
3514567,44258,3741
3514567,44916,3741
3514567,46603,3741
3514567,58029,3741
3514567,64689,3741
3514567,67517,3741
3514567,67594,3741
3514567,82855,3741
3514567,92280,3741
3514567,92744,3741
3514567,103667,3741
3514567,108405,3741
3514567,109931,3741
3514567,112758,3741
3514567,118366,3741
3514567,130316,3741
3514567,131391,3741
3514567,131490,3741
3514567,132487,3741
3514567,142947,3741
3514771,1059,3742
3514771,1085,3742
3514771,5583,3742
3514771,7198,3742
3514771,11813,3742
3514771,12377,3742
3514771,13039,3742
3514771,18043,3742
3514771,19072,3742
3514771,20509,3742
3514771,22131,3742
3514771,25952,3742
3514771,28364,3742
3514771,29079,3742
3514771,38076,3742
3514771,38594,3742
3514771,38687,3742
3514771,44497,3742
3514771,51231,3742
3514771,53298,3742
3514771,63753,3742
3514771,64452,3742
3514771,64831,3742
3514771,67217,3742
3514771,68709,3742
3514771,68915,3742
3514771,68978,3742
3514771,73903,3742
3514771,86578,3742
3514771,88884,3742
3514771,92059,3742
3514771,93763,3742
3514771,119795,3742
3514771,124566,3742
3514771,126672,3742
3514771,129863,3742
3514771,134552,3742
3514771,134555,3742
3514771,135188,3742
3514771,137056,3742
3514771,140718,3742
3514771,147853,3742
3514820,261,3732
3514820,894,3732
3514820,1155,3732
3514820,6043,3732
3514820,7935,3732
3514820,12028,3732
3514820,16361,3732
3514820,17947,3732
3514820,18997,3732
3514820,19710,3732
3514820,19768,3732
3514820,21372,3732
leaf684.txt
