leaf
2819137,29948,1271
2819137,31647,1271
2819137,35087,1271
2819137,35987,1271
2819137,39004,1272
2819137,39045,1272
2819137,45483,1272
2819137,46659,1272
2819137,51922,1272
2819137,62621,1272
2819137,64787,1272
2819137,67114,1272
2819137,69373,1272
2819137,70858,1272
2819137,70922,1272
2819137,80001,1272
2819137,80019,1272
2819137,80653,1272
2819137,83656,1272
2819137,86086,1272
2819137,93433,1272
2819137,102088,1272
2819137,111133,1272
2819137,113211,1272
2819137,115040,1272
2819137,115550,1272
2819137,116705,1272
2819137,119089,1272
2819137,122731,1272
2819137,123686,1272
2819137,124172,1272
2819137,126778,1272
2819137,127251,1272
2819137,128824,1272
2819137,129539,1272
2819137,129766,1272
2819137,131567,1272
2819137,132358,1272
2819137,135863,1272
2819137,136264,1272
2819137,137566,1272
2819137,141661,1272
2819137,145214,1272
2819137,146045,1272
2819137,146828,1272
2819326,6017,1269
2819326,6181,1269
2819326,7323,1269
2819326,11082,1269
2819326,16413,1269
2819326,16514,1269
2819326,18914,1269
2819326,20497,1269
2819326,20982,1269
2819326,23937,1269
2819326,26874,1269
2819326,27229,1269
2819326,29416,1269
2819326,30776,1269
2819326,44063,1270
2819326,47871,1270
2819326,55854,1270
2819326,55982,1270
2819326,57116,1270
2819326,57305,1270
2819326,58522,1270
2819326,59699,1270
2819326,60762,1270
2819326,65321,1270
2819326,65898,1270
2819326,68673,1270
2819326,82327,1270
2819326,85152,1270
2819326,85619,1270
2819326,91987,1270
2819326,92336,1270
2819326,97753,1270
2819326,98109,1270
2819326,98696,1270
2819326,99239,1270
2819326,99876,1270
2819326,100211,1270
2819326,100353,1270
2819326,101439,1270
2819326,102725,1270
2819326,107242,1270
2819326,108960,1270
2819326,109817,1270
2819326,112730,1270
2819326,113103,1270
2819326,115206,1270
2819326,120513,1270
2819326,121634,1270
2819326,122085,1270
2819326,123654,1270
2819326,125552,1270
2819326,127843,1270
2819326,132461,1270
2819326,145437,1270
2819326,146286,1270
2819326,148901,1270
2819996,222,1270
2819996,880,1270
2819996,2638,1270
2819996,4156,1270
2819996,4595,1270
2819996,5537,1270
2819996,6907,1270
2819996,8195,1270
2819996,8433,1270
2819996,9261,1270
2819996,13124,1270
2819996,13171,1270
2819996,14405,1270
2819996,20342,1270
2819996,23174,1270
2819996,24198,1270
2819996,25452,1270
2819996,33508,1270
2819996,34655,1270
2819996,35944,1270
2819996,40097,1270
2819996,46880,1270
2819996,48113,1270
2819996,48133,1270
2819996,51056,1271
2819996,51476,1271
2819996,51699,1271
2819996,56303,1271
2819996,56871,1271
2819996,61208,1271
2819996,61345,1271
2819996,64420,1271
2819996,68426,1271
2819996,68584,1271
2819996,70576,1271
2819996,70716,1271
2819996,71843,1271
2819996,73244,1271
2819996,74020,1271
2819996,77467,1271
2819996,79794,1271
2819996,81379,1271
2819996,90177,1271
2819996,90378,1271
2819996,92663,1271
2819996,94278,1271
2819996,95675,1271
2819996,97983,1271
2819996,99062,1271
2819996,100745,1271
2819996,100999,1271
2819996,101167,1271
2819996,101205,1271
2819996,104300,1271
2819996,105098,1271
2819996,106118,1271
2819996,108412,1271
2819996,110174,1271
2819996,110954,1271
2819996,111264,1271
2819996,112621,1271
2819996,117275,1271
2819996,120613,1271
2819996,122922,1271
2819996,128271,1271
2819996,128988,1271
2819996,130543,1271
2819996,131147,1271
2819996,132645,1271
2819996,136825,1271
2819996,140807,1271
2819996,141855,1271
2819996,148309,1271
2820114,1645,1275
2820114,3360,1275
2820114,4256,1275
2820114,5862,1275
2820114,7285,1275
2820114,7493,1275
2820114,9257,1275
2820114,11745,1275
2820114,13102,1275
2820114,13381,1275
2820114,13812,1275
2820114,17828,1275
2820114,22162,1275
2820114,22884,1275
2820114,23073,1275
2820114,23959,1275
2820114,24104,1275
2820114,24460,1275
2820114,25062,1275
2820114,31698,1275
2820114,31716,1275
2820114,31965,1275
2820114,34730,1275
2820114,35192,1275
2820114,35801,1275
2820114,37138,1275
2820114,37907,1275
2820114,38684,1275
2820114,40864,1275
2820114,42735,1275
2820114,42916,1275
2820114,43325,1275
2820114,50519,1275
2820114,51474,1275
2820114,54156,1275
2820114,62022,1276
2820114,63806,1276
2820114,64014,1276
2820114,66843,1276
2820114,69155,1276
2820114,71053,1276
2820114,71720,1276
2820114,74608,1276
2820114,75410,1276
2820114,75557,1276
2820114,76003,1276
2820114,76505,1276
2820114,77556,1276
2820114,77980,1276
2820114,81718,1276
2820114,81787,1276
2820114,88330,1276
2820114,88420,1276
2820114,88519,1276
2820114,88834,1276
2820114,88935,1276
2820114,90087,1276
2820114,90985,1276
2820114,91638,1276
2820114,91866,1276
2820114,92181,1276
2820114,92378,1276
2820114,97421,1276
2820114,98603,1276
2820114,101214,1276
2820114,104313,1276
2820114,104575,1276
2820114,108405,1276
2820114,108463,1276
2820114,109796,1276
2820114,110526,1276
2820114,113113,1276
2820114,113849,1276
2820114,114816,1276
2820114,116096,1276
2820114,116657,1276
2820114,116731,1276
2820114,117255,1276
2820114,117617,1276
2820114,118129,1276
2820114,121878,1276
2820114,122499,1276
2820114,122575,1276
2820114,122779,1276
2820114,123240,1276
2820114,124587,1276
2820114,126420,1276
2820114,126483,1276
2820114,127788,1276
2820114,129265,1276
2820114,131546,1276
2820114,132601,1276
2820114,134534,1276
2820114,137191,1276
2820114,138526,1276
2820114,142481,1276
2820114,142489,1276
2820114,147455,1276
2820114,147493,1276
2820133,4596,1274
2820133,4796,1274
2820133,5814,1274
2820133,6779,1274
2820133,8393,1274
2820133,12809,1274
2820133,16308,1274
2820133,16596,1274
2820133,18361,1274
2820133,25412,1274
2820133,28151,1274
2820133,29064,1274
2820133,29609,1274
2820133,36212,1274
2820133,39476,1274
2820133,42477,1274
2820133,43942,1274
2820133,45274,1274
2820133,50416,1274
2820133,53148,1274
2820133,57590,1274
2820133,58312,1274
2820133,58502,1274
2820133,60771,1274
2820133,61625,1274
2820133,63277,1274
2820133,63543,1274
2820133,64812,1274
2820133,65608,1275
2820133,69996,1275
2820133,72890,1275
2820133,72910,1275
2820133,75610,1275
2820133,77546,1275
2820133,79931,1275
2820133,85183,1275
2820133,88816,1275
2820133,90086,1275
2820133,94461,1275
2820133,95202,1275
2820133,99898,1275
2820133,100076,1275
2820133,108507,1275
2820133,111185,1275
2820133,114887,1275
2820133,121312,1275
2820133,124722,1275
2820133,125113,1275
2820133,128246,1275
2820133,128699,1275
2820133,130147,1275
2820133,130816,1275
2820133,135278,1275
2820133,135943,1275
2820133,137540,1275
2820133,139732,1275
2820133,145252,1275
2820133,147536,1275
2820133,147965,1275
2820403,815,1272
2820403,1263,1272
2820403,1508,1272
2820403,2649,1272
2820403,3740,1272
2820403,8663,1272
2820403,8977,1272
2820403,11447,1272
2820403,13237,1272
2820403,14223,1272
2820403,14297,1272
2820403,25117,1272
2820403,27198,1272
2820403,27876,1272
2820403,28483,1272
2820403,28592,1272
2820403,32515,1272
2820403,33981,1272
2820403,40467,1272
2820403,41331,1272
2820403,44508,1272
2820403,47404,1272
2820403,57084,1272
2820403,58951,1272
2820403,59266,1272
2820403,65410,1273
2820403,70768,1273
2820403,79555,1273
2820403,79948,1273
leaf234.txt
