leaf
3466969,79169,3533
3466969,81857,3533
3466969,82782,3533
3466969,106622,3533
3466969,116945,3533
3466969,132563,3533
3466969,138700,3533
3466969,148581,3533
3467566,307,3535
3467566,1393,3535
3467566,1538,3535
3467566,2671,3535
3467566,3018,3535
3467566,4595,3535
3467566,10514,3535
3467566,11853,3535
3467566,16074,3535
3467566,17568,3535
3467566,20935,3535
3467566,22328,3535
3467566,22829,3535
3467566,24123,3535
3467566,24747,3535
3467566,26538,3535
3467566,30336,3535
3467566,40163,3535
3467566,46284,3535
3467566,46344,3535
3467566,48095,3535
3467566,48713,3535
3467566,51740,3535
3467566,53713,3535
3467566,56792,3535
3467566,58559,3535
3467566,61473,3535
3467566,62700,3535
3467566,65486,3535
3467566,65917,3535
3467566,67126,3535
3467566,69593,3536
3467566,70241,3536
3467566,76475,3536
3467566,78509,3536
3467566,80792,3536
3467566,80836,3536
3467566,82266,3536
3467566,83428,3536
3467566,91120,3536
3467566,93615,3536
3467566,94200,3536
3467566,96174,3536
3467566,99062,3536
3467566,100529,3536
3467566,101475,3536
3467566,101548,3536
3467566,103934,3536
3467566,105164,3536
3467566,109103,3536
3467566,109473,3536
3467566,111664,3536
3467566,112316,3536
3467566,112528,3536
3467566,113159,3536
3467566,113652,3536
3467566,116744,3536
3467566,120388,3536
3467566,120479,3536
3467566,123861,3536
3467566,124690,3536
3467566,125071,3536
3467566,125179,3536
3467566,126163,3536
3467566,126238,3536
3467566,128752,3536
3467566,130017,3536
3467566,134028,3536
3467566,134694,3536
3467566,142838,3536
3467566,146325,3536
3467566,147170,3536
3467854,4323,3535
3467854,9356,3535
3467854,16740,3535
3467854,26817,3535
3467854,27388,3535
3467854,28280,3535
3467854,36859,3535
3467854,46360,3535
3467854,50597,3535
3467854,54052,3535
3467854,57545,3535
3467854,64553,3535
3467854,70281,3535
3467854,95151,3535
3467854,101274,3535
3467854,112087,3535
3467854,114791,3535
3467854,126912,3535
3467854,130851,3535
3467854,132428,3535
3467854,135710,3535
3467854,138969,3535
3467854,139044,3535
3467854,143866,3535
3467854,143969,3535
3467854,149209,3535
3467881,6331,3534
3467881,8547,3534
3467881,10563,3534
3467881,20535,3534
3467881,42237,3534
3467881,42477,3534
3467881,45242,3534
3467881,53923,3534
3467881,55742,3534
3467881,61561,3534
3467881,61584,3534
3467881,63013,3534
3467881,64242,3534
3467881,67951,3534
3467881,72393,3534
3467881,73910,3534
3467881,77280,3534
3467881,79601,3534
3467881,89141,3534
3467881,89643,3534
3467881,92885,3534
3467881,94109,3534
3467881,97407,3534
3467881,99853,3534
3467881,103175,3534
3467881,105341,3534
3467881,106565,3534
3467881,109442,3534
3467881,110688,3534
3467881,112995,3535
3467881,121484,3535
3467881,122326,3535
3467881,133871,3535
3467881,134149,3535
3467881,139294,3535
3467881,141179,3535
3467881,146096,3535
3467881,149208,3535
3468371,2106,3537
3468371,2492,3537
3468371,2813,3537
3468371,3013,3537
3468371,5376,3537
3468371,6640,3537
3468371,8162,3537
3468371,9187,3537
3468371,16288,3537
3468371,16308,3537
3468371,16318,3537
3468371,19078,3537
3468371,19264,3537
3468371,21287,3538
3468371,23937,3538
3468371,23959,3538
3468371,24421,3538
3468371,27132,3538
3468371,27284,3538
3468371,32745,3538
3468371,34636,3538
3468371,36139,3538
3468371,36520,3538
3468371,37986,3538
3468371,40301,3538
3468371,41903,3538
3468371,42903,3538
3468371,43076,3538
3468371,43777,3538
3468371,46972,3538
3468371,49523,3538
3468371,51060,3538
3468371,51943,3538
3468371,53310,3538
3468371,53683,3538
3468371,53908,3538
3468371,54623,3538
3468371,55217,3538
3468371,56792,3538
3468371,57715,3538
3468371,57774,3538
3468371,58448,3538
3468371,58759,3538
3468371,62222,3538
3468371,65478,3538
3468371,67653,3538
3468371,67808,3538
3468371,68159,3538
3468371,70163,3538
3468371,70512,3538
3468371,76481,3538
3468371,77208,3538
3468371,77722,3538
3468371,77901,3538
3468371,78551,3538
3468371,78792,3538
3468371,79097,3538
3468371,81012,3538
3468371,81106,3538
3468371,81879,3538
3468371,82438,3538
3468371,85574,3538
3468371,87450,3538
3468371,88405,3538
3468371,90199,3538
3468371,90889,3538
3468371,90986,3538
3468371,91976,3538
3468371,92294,3538
3468371,93075,3538
3468371,93937,3538
3468371,94194,3538
3468371,94811,3538
3468371,95839,3538
3468371,96871,3538
3468371,97164,3538
3468371,104220,3538
3468371,104311,3538
3468371,104672,3538
3468371,106833,3539
3468371,106861,3539
3468371,107713,3539
3468371,107926,3539
3468371,109466,3539
3468371,110408,3539
3468371,111749,3539
3468371,117774,3539
3468371,120503,3539
3468371,121098,3539
3468371,122085,3539
3468371,123325,3539
3468371,124209,3539
3468371,126397,3539
3468371,129115,3539
3468371,131039,3539
3468371,131085,3539
3468371,132446,3539
3468371,136746,3539
3468371,138598,3539
3468371,139767,3539
3468371,140358,3539
3468371,143564,3539
3468371,144310,3539
3468371,145986,3539
3468371,147001,3539
3468452,7988,3536
3468452,10518,3536
3468452,18189,3536
3468452,20266,3536
3468452,22612,3536
3468452,22879,3536
3468452,27960,3536
3468452,60236,3536
3468452,73946,3536
3468452,75962,3536
3468452,83634,3536
3468452,128684,3536
3468452,149175,3536
3468534,950,3536
3468534,1547,3536
3468534,4602,3536
3468534,8105,3536
3468534,8828,3536
3468534,10838,3536
3468534,11253,3536
3468534,12487,3536
3468534,13821,3536
3468534,13888,3536
3468534,16091,3536
3468534,25119,3536
3468534,28216,3537
3468534,30833,3537
3468534,31296,3537
3468534,31642,3537
3468534,36642,3537
3468534,40601,3537
3468534,45449,3537
3468534,46069,3537
3468534,47218,3537
3468534,54480,3537
3468534,55463,3537
3468534,56222,3537
3468534,57119,3537
3468534,59940,3537
3468534,60144,3537
3468534,64409,3537
3468534,66587,3537
3468534,69327,3537
3468534,73111,3537
3468534,79294,3537
3468534,85639,3537
3468534,88987,3537
3468534,89327,3537
3468534,90763,3537
3468534,93653,3537
3468534,95601,3537
3468534,96754,3537
3468534,96959,3537
3468534,99518,3537
3468534,103527,3537
3468534,103589,3537
3468534,103721,3537
3468534,103829,3537
3468534,104070,3537
3468534,105581,3537
3468534,107145,3537
3468534,109007,3537
3468534,111071,3537
3468534,112037,3537
3468534,114499,3537
3468534,122249,3537
3468534,124465,3537
3468534,126378,3537
3468534,128509,3537
3468534,128686,3537
3468534,130352,3537
3468534,133106,3537
3468534,134155,3537
3468534,140772,3537
3468534,141179,3537
3468534,145309,3537
3468534,145921,3537
3468534,147788,3537
3468906,7463,3539
3468906,16058,3539
3468906,17179,3539
3468906,33164,3539
3468906,40512,3539
3468906,48810,3539
3468906,63431,3539
3468906,65268,3539
3468906,72415,3539
3468906,77642,3539
3468906,81050,3539
3468906,81518,3539
3468906,87154,3539
3468906,109403,3539
3468906,125552,3539
3468906,128649,3539
3468906,139629,3539
3468906,145696,3539
3468906,147000,3539
3469204,637,3540
3469204,1080,3540
3469204,6295,3540
3469204,10380,3540
3469204,12257,3540
3469204,12390,3540
3469204,18581,3540
3469204,20534,3540
3469204,20624,3540
3469204,22254,3540
3469204,22868,3540
3469204,25103,3540
3469204,25652,3540
3469204,29925,3540
3469204,30133,3540
leaf648.txt
