leaf
3490559,142415,3664
3490559,144456,3664
3490559,144725,3664
3490559,145480,3664
3490680,75,3664
3490680,1077,3664
3490680,8259,3664
3490680,11983,3664
3490680,12227,3664
3490680,15853,3664
3490680,16223,3664
3490680,21138,3664
3490680,22657,3664
3490680,29088,3664
3490680,29745,3664
3490680,34654,3664
3490680,36989,3664
3490680,49683,3664
3490680,56028,3664
3490680,57634,3664
3490680,61151,3664
3490680,74535,3664
3490680,75590,3664
3490680,78100,3664
3490680,80247,3664
3490680,81590,3664
3490680,82201,3664
3490680,85782,3664
3490680,87876,3664
3490680,92452,3664
3490680,93458,3664
3490680,97328,3664
3490680,98257,3664
3490680,98858,3664
3490680,99567,3664
3490680,100442,3664
3490680,102650,3664
3490680,103555,3664
3490680,104154,3664
3490680,104161,3664
3490680,104916,3664
3490680,107607,3664
3490680,107869,3664
3490680,114844,3664
3490680,114977,3664
3490680,118336,3664
3490680,123998,3664
3490680,127788,3664
3490680,129839,3664
3490680,132014,3664
3490680,136303,3664
3490680,144456,3665
3490680,147233,3665
3491167,2794,3666
3491167,4242,3666
3491167,14571,3666
3491167,17144,3666
3491167,17559,3666
3491167,28572,3666
3491167,30091,3666
3491167,48929,3666
3491167,49342,3666
3491167,67353,3666
3491167,71943,3666
3491167,84557,3666
3491167,84996,3666
3491167,85051,3666
3491167,90477,3666
3491167,91835,3666
3491167,93162,3666
3491167,93743,3666
3491167,111718,3666
3491167,121042,3666
3491167,122731,3666
3491167,125811,3666
3491167,127193,3666
3491167,130415,3666
3491167,132345,3666
3491167,138776,3666
3491167,141939,3666
3491167,145673,3666
3491787,2601,3666
3491787,6071,3666
3491787,10093,3666
3491787,10565,3666
3491787,15691,3667
3491787,15939,3667
3491787,20842,3667
3491787,21590,3667
3491787,23022,3667
3491787,23529,3667
3491787,25428,3667
3491787,27071,3667
3491787,35852,3667
3491787,36627,3667
3491787,37074,3667
3491787,44205,3667
3491787,46618,3667
3491787,49569,3667
3491787,51582,3667
3491787,55957,3667
3491787,56618,3667
3491787,57378,3667
3491787,58242,3667
3491787,59993,3667
3491787,62126,3667
3491787,66946,3667
3491787,68977,3667
3491787,68988,3667
3491787,69175,3667
3491787,70133,3667
3491787,77105,3667
3491787,79049,3667
3491787,81431,3667
3491787,87436,3667
3491787,93006,3667
3491787,94564,3667
3491787,98453,3667
3491787,99163,3667
3491787,100285,3667
3491787,100859,3667
3491787,103600,3667
3491787,104598,3667
3491787,105852,3667
3491787,109080,3667
3491787,112682,3667
3491787,113709,3667
3491787,113948,3667
3491787,119199,3667
3491787,127208,3667
3491787,127982,3667
3491787,131915,3667
3491787,134179,3667
3491787,135387,3667
3491787,135741,3667
3491787,136761,3667
3491787,146715,3667
3491787,148268,3667
3492013,1911,3668
3492013,3451,3668
3492013,4450,3668
3492013,5144,3668
3492013,7537,3668
3492013,7650,3668
3492013,7774,3668
3492013,12288,3668
3492013,14239,3668
3492013,14508,3668
3492013,18189,3668
3492013,18829,3668
3492013,19152,3668
3492013,19196,3668
3492013,21437,3668
3492013,23225,3668
3492013,23231,3668
3492013,23891,3668
3492013,25950,3668
3492013,26805,3668
3492013,27014,3668
3492013,27884,3668
3492013,29580,3668
3492013,29641,3668
3492013,30626,3668
3492013,33136,3668
3492013,33531,3668
3492013,34066,3668
3492013,34259,3668
3492013,35075,3668
3492013,35360,3669
3492013,36016,3669
3492013,36491,3669
3492013,39762,3669
3492013,41078,3669
3492013,41658,3669
3492013,42483,3669
3492013,43091,3669
3492013,43645,3669
3492013,45290,3669
3492013,45943,3669
3492013,46374,3669
3492013,48141,3669
3492013,50416,3669
3492013,52342,3669
3492013,52867,3669
3492013,53011,3669
3492013,53045,3669
3492013,53900,3669
3492013,55916,3669
3492013,57105,3669
3492013,57443,3669
3492013,58176,3669
3492013,60234,3669
3492013,61168,3669
3492013,61645,3669
3492013,64828,3669
3492013,65060,3669
3492013,66090,3669
3492013,66315,3669
3492013,67423,3669
3492013,69238,3669
3492013,69306,3669
3492013,69552,3669
3492013,73788,3669
3492013,73925,3669
3492013,75352,3669
3492013,75691,3669
3492013,75911,3669
3492013,76715,3669
3492013,77047,3669
3492013,77171,3669
3492013,78092,3669
3492013,79140,3669
3492013,80231,3669
3492013,80525,3669
3492013,82299,3669
3492013,82501,3669
3492013,83844,3669
3492013,85221,3669
3492013,86021,3669
3492013,86690,3669
3492013,88414,3669
3492013,88520,3669
3492013,89016,3669
3492013,89021,3669
3492013,93371,3669
3492013,94254,3669
3492013,94913,3669
3492013,95796,3669
3492013,97251,3669
3492013,98161,3669
3492013,98703,3669
3492013,98946,3669
3492013,99915,3669
3492013,100127,3669
3492013,100606,3670
3492013,103040,3670
3492013,103554,3670
3492013,104760,3670
3492013,106879,3670
3492013,108822,3670
3492013,109836,3670
3492013,109972,3670
3492013,110701,3670
3492013,114451,3670
3492013,114606,3670
3492013,114970,3670
3492013,116421,3670
3492013,117507,3670
3492013,118235,3670
3492013,118665,3670
3492013,118783,3670
3492013,118880,3670
3492013,118918,3670
3492013,119111,3670
3492013,119462,3670
3492013,120732,3670
3492013,121118,3670
3492013,121798,3670
3492013,122070,3670
3492013,125011,3670
3492013,125970,3670
3492013,130507,3670
3492013,131077,3670
3492013,131620,3670
3492013,131628,3670
3492013,131663,3670
3492013,135357,3670
3492013,136004,3670
3492013,136047,3670
3492013,136957,3670
3492013,138660,3670
3492013,139634,3670
3492013,144483,3670
3492013,144571,3670
3492013,145864,3670
3492013,148018,3670
3492510,1729,3667
3492510,2292,3667
3492510,4836,3667
3492510,5040,3667
3492510,8377,3667
3492510,13638,3667
3492510,14099,3667
3492510,20452,3667
3492510,24250,3667
3492510,26286,3667
3492510,31931,3667
3492510,42487,3667
3492510,45026,3667
3492510,49739,3668
3492510,51959,3668
3492510,52025,3668
3492510,61646,3668
3492510,64330,3668
3492510,67353,3668
3492510,68303,3668
3492510,72352,3668
3492510,73080,3668
3492510,80863,3668
3492510,81274,3668
3492510,81304,3668
3492510,81830,3668
3492510,87914,3668
3492510,88520,3668
3492510,92132,3668
3492510,113502,3668
3492510,113545,3668
3492510,114553,3668
3492510,119099,3668
3492510,120523,3668
3492510,120839,3668
3492510,121189,3668
3492510,121617,3668
3492510,124256,3668
3492510,125299,3668
3492510,127119,3668
3492510,127257,3668
3492510,128668,3668
3492510,130777,3668
3492510,134278,3668
3492510,135240,3668
3492510,135369,3668
3492510,136610,3668
3492510,137771,3668
3492510,144518,3668
3492782,1849,3670
3492782,5733,3670
3492782,12942,3670
3492782,24188,3670
3492782,24561,3670
3492782,27743,3670
3492782,35666,3670
3492782,42189,3670
3492782,42399,3670
3492782,46341,3670
3492782,46379,3670
3492782,47832,3670
3492782,50657,3670
3492782,50810,3670
3492782,61278,3670
3492782,67791,3670
3492782,77072,3670
3492782,79693,3670
3492782,86045,3670
3492782,86523,3670
3492782,87000,3670
3492782,89952,3670
3492782,94017,3670
3492782,96266,3670
3492782,100998,3671
3492782,102120,3671
3492782,102424,3671
3492782,104272,3671
3492782,105245,3671
3492782,114649,3671
3492782,117987,3671
3492782,119879,3671
3492782,124690,3671
3492782,135892,3671
3492782,137486,3671
3492782,137660,3671
leaf672.txt
