leaf
2541579,26695,395
2541579,27286,395
2541579,28082,395
2541579,32152,395
2541579,41988,395
2541579,55348,395
2541579,58978,395
2541579,63906,395
2541579,67115,395
2541579,74609,395
2541579,78343,395
2541579,99140,395
2541579,101024,395
2541579,104100,395
2541579,115900,395
2541579,119387,395
2541579,121827,395
2541579,130000,395
2541579,144730,395
2541583,9313,395
2541583,16413,395
2541583,41988,395
2541583,66710,395
2541583,68106,395
2541583,78088,395
2541583,88338,395
2541583,93470,395
2541583,136887,395
2541583,146146,395
2541615,1472,396
2541615,1645,396
2541615,5139,396
2541615,16368,396
2541615,16413,396
2541615,19795,396
2541615,31001,396
2541615,36330,396
2541615,36942,396
2541615,40228,396
2541615,41244,396
2541615,41304,396
2541615,42041,396
2541615,47058,396
2541615,48057,396
2541615,51540,396
2541615,55004,396
2541615,60914,396
2541615,66912,396
2541615,68454,396
2541615,84535,396
2541615,87122,396
2541615,93193,396
2541615,93457,396
2541615,95067,396
2541615,96635,396
2541615,100744,396
2541615,101787,396
2541615,102545,396
2541615,110105,396
2541615,115383,396
2541615,115411,396
2541615,118953,397
2541615,119130,397
2541615,120323,397
2541615,122026,397
2541615,123656,397
2541615,125376,397
2541615,129845,397
2541615,131156,397
2541615,132026,397
2541615,134829,397
2541615,140227,397
2541615,143743,397
2541899,27,397
2541899,1525,397
2541899,1718,397
2541899,3073,397
2541899,3827,397
2541899,7674,397
2541899,10296,397
2541899,12235,397
2541899,16556,397
2541899,17292,397
2541899,19454,397
2541899,20510,397
2541899,22489,397
2541899,22994,397
2541899,26080,397
2541899,28054,397
2541899,30524,397
2541899,31656,398
2541899,35178,398
2541899,36310,398
2541899,36695,398
2541899,39463,398
2541899,42440,398
2541899,45924,398
2541899,50567,398
2541899,54468,398
2541899,56752,398
2541899,63130,398
2541899,64225,398
2541899,65309,398
2541899,68067,398
2541899,71386,398
2541899,71762,398
2541899,74623,398
2541899,79416,398
2541899,85122,398
2541899,85306,398
2541899,85898,398
2541899,87933,398
2541899,88898,398
2541899,89020,398
2541899,89844,398
2541899,89995,398
2541899,90118,398
2541899,92008,398
2541899,92032,398
2541899,93124,398
2541899,94219,398
2541899,94519,398
2541899,95389,398
2541899,95457,398
2541899,101181,398
2541899,103863,398
2541899,106264,398
2541899,108598,398
2541899,108879,398
2541899,110747,398
2541899,112668,398
2541899,112712,398
2541899,115372,398
2541899,116274,398
2541899,118198,398
2541899,118206,398
2541899,126783,398
2541899,127143,398
2541899,128180,398
2541899,129573,398
2541899,134345,398
2541899,135745,398
2541899,136424,398
2541899,138640,398
2541899,141508,398
2541899,143665,398
2541899,148643,398
2541914,847,402
2541914,2480,402
2541914,5910,402
2541914,15053,402
2541914,18240,402
2541914,18900,402
2541914,20745,402
2541914,23955,402
2541914,24915,402
2541914,29396,402
2541914,31316,402
2541914,34995,402
2541914,35049,402
2541914,39670,402
2541914,47905,402
2541914,53763,402
2541914,55426,402
2541914,55650,402
2541914,60354,402
2541914,63492,402
2541914,64128,402
2541914,65873,402
2541914,71022,402
2541914,78942,402
2541914,81616,402
2541914,81669,402
2541914,91067,402
2541914,92773,402
2541914,93612,402
2541914,104136,402
2541914,108338,402
2541914,110340,402
2541914,113821,402
2541914,115062,402
2541914,117615,402
2541914,118825,402
2541914,119908,402
2541914,136393,402
2541914,138073,402
2541914,139490,402
2541914,140513,402
2541914,142441,402
2541914,144003,402
2541914,144942,402
2541914,148676,402
2542181,864,405
2542181,2053,405
2542181,5642,405
2542181,6926,405
2542181,7851,405
2542181,8784,405
2542181,8822,405
2542181,9141,405
2542181,10753,405
2542181,13647,405
2542181,15591,405
2542181,18051,405
2542181,23430,405
2542181,23815,405
2542181,24540,405
2542181,35609,405
2542181,51270,405
2542181,52223,405
2542181,53938,405
2542181,56200,405
2542181,58515,405
2542181,58715,405
2542181,58928,405
2542181,59578,405
2542181,60481,405
2542181,65235,405
2542181,65690,405
2542181,65951,405
2542181,66573,405
2542181,68024,405
2542181,68119,405
2542181,79987,405
2542181,83502,405
2542181,86833,405
2542181,92072,405
2542181,98056,405
2542181,99352,405
2542181,101491,405
2542181,102302,405
2542181,109618,405
2542181,110317,405
2542181,116993,405
2542181,118505,405
2542181,120573,405
2542181,128154,405
2542181,147988,405
2542308,4874,403
2542308,4941,403
2542308,7384,403
2542308,7864,403
2542308,8696,403
2542308,12364,403
2542308,12959,403
2542308,13991,403
2542308,16375,403
2542308,17477,403
2542308,17546,403
2542308,18171,403
2542308,19824,403
2542308,19975,403
2542308,21954,403
2542308,22426,403
2542308,22648,403
2542308,23583,403
2542308,24655,403
2542308,25022,403
2542308,25318,403
2542308,25363,403
2542308,28647,403
2542308,30766,403
2542308,32947,403
2542308,35877,403
2542308,37445,403
2542308,40360,403
2542308,41970,403
2542308,42163,403
2542308,44309,403
2542308,45421,403
2542308,47273,403
2542308,48868,403
2542308,49115,403
2542308,49598,403
2542308,51070,403
2542308,53027,403
2542308,53971,403
2542308,55213,403
2542308,55781,403
2542308,57422,403
2542308,57732,403
2542308,58291,403
2542308,61674,403
2542308,63112,403
2542308,63565,403
2542308,63699,403
2542308,64947,403
2542308,65256,403
2542308,68556,403
2542308,69616,403
2542308,70508,404
2542308,71181,404
2542308,74207,404
2542308,74925,404
2542308,74930,404
2542308,75204,404
2542308,75779,404
2542308,78508,404
2542308,79077,404
2542308,79555,404
2542308,83064,404
2542308,83413,404
2542308,84353,404
2542308,86551,404
2542308,88271,404
2542308,91651,404
2542308,92272,404
2542308,92641,404
2542308,95867,404
2542308,96620,404
2542308,98104,404
2542308,98533,404
2542308,99415,404
2542308,105821,404
2542308,106722,404
2542308,106964,404
2542308,107504,404
2542308,108204,404
2542308,108223,404
2542308,108557,404
2542308,110918,404
2542308,111750,404
2542308,111873,404
2542308,112032,404
2542308,112217,404
2542308,112470,404
2542308,114966,404
2542308,115159,404
2542308,115187,404
2542308,117125,404
2542308,117175,404
2542308,118613,404
2542308,120252,404
2542308,120373,404
2542308,121021,404
2542308,121957,404
2542308,122026,404
2542308,122991,404
2542308,124090,404
2542308,124107,404
2542308,124195,404
2542308,125107,404
2542308,127788,404
2542308,131318,404
2542308,134763,404
2542308,135002,404
2542308,135859,404
2542308,137783,404
2542308,140117,404
2542308,141172,404
2542308,142176,404
2542308,143272,404
2542308,143654,404
2542308,145505,404
2542308,146265,404
2542308,147943,404
2542308,148859,405
2543349,1525,406
2543349,8994,406
2543349,12669,406
2543349,12951,406
leaf75.txt
