leaf
2596241,143562,581
2596241,144622,581
2596241,146320,581
2596241,146948,581
2596436,14152,578
2596436,25271,578
2596436,31872,578
2596436,31955,578
2596436,45443,578
2596436,73529,578
2596436,76458,578
2596436,81139,578
2596436,88707,578
2596436,92982,578
2596436,125939,578
2596436,128898,578
2596436,144667,578
2597572,2012,581
2597572,2813,581
2597572,5980,581
2597572,7871,581
2597572,10011,581
2597572,10524,581
2597572,11206,581
2597572,12971,581
2597572,14079,581
2597572,15208,581
2597572,18036,581
2597572,18720,581
2597572,20497,581
2597572,21274,581
2597572,21370,581
2597572,23250,581
2597572,26350,581
2597572,27680,581
2597572,27956,581
2597572,29294,581
2597572,29299,581
2597572,30339,581
2597572,36954,581
2597572,37847,581
2597572,38781,581
2597572,39829,581
2597572,42123,581
2597572,42392,581
2597572,43043,581
2597572,44356,581
2597572,44508,581
2597572,44730,581
2597572,44754,581
2597572,45009,581
2597572,45336,581
2597572,46122,581
2597572,47212,581
2597572,48138,581
2597572,49544,581
2597572,49675,581
2597572,49836,581
2597572,50434,581
2597572,52721,581
2597572,53395,581
2597572,54665,581
2597572,54874,581
2597572,56236,581
2597572,57809,581
2597572,58607,581
2597572,59546,581
2597572,60091,581
2597572,61075,581
2597572,62532,581
2597572,62583,581
2597572,63146,581
2597572,64562,581
2597572,66748,581
2597572,67543,581
2597572,71865,581
2597572,72789,581
2597572,77709,581
2597572,80161,581
2597572,80536,582
2597572,85831,582
2597572,86406,582
2597572,86562,582
2597572,90932,582
2597572,90945,582
2597572,92972,582
2597572,93357,582
2597572,93451,582
2597572,93534,582
2597572,95429,582
2597572,95722,582
2597572,95810,582
2597572,95843,582
2597572,96161,582
2597572,97473,582
2597572,97635,582
2597572,99448,582
2597572,99743,582
2597572,101215,582
2597572,104857,582
2597572,104920,582
2597572,105145,582
2597572,110520,582
2597572,110649,582
2597572,119366,582
2597572,120305,582
2597572,120446,582
2597572,120984,582
2597572,121971,582
2597572,122533,582
2597572,123895,582
2597572,125320,582
2597572,131048,582
2597572,133386,582
2597572,134950,582
2597572,135637,582
2597572,137189,582
2597572,139605,582
2597572,140993,582
2597572,141873,582
2597572,142921,582
2597572,143065,582
2597572,145606,582
2597572,145845,582
2597572,145967,582
2597572,147117,582
2597572,147343,582
2597985,3781,582
2597985,56028,582
2597985,56927,582
2597985,62920,582
2597985,96959,582
2597985,103747,582
2597985,105349,582
2597985,118228,582
2597985,134257,582
2597985,138840,582
2597985,144390,582
2598221,11686,584
2598221,19663,584
2598221,66281,584
2598221,66552,584
2598221,87785,584
2598221,92893,584
2598221,94627,584
2598221,96656,584
2598221,98978,584
2598221,104751,584
2598221,121938,584
2598221,127826,584
2598221,129164,584
2598221,130007,584
2598221,130910,584
2598221,131202,584
2598221,142567,584
2598776,5562,582
2598776,8713,582
2598776,13915,582
2598776,14665,582
2598776,16411,582
2598776,21361,582
2598776,23470,582
2598776,40193,583
2598776,40554,583
2598776,47108,583
2598776,47260,583
2598776,49784,583
2598776,65329,583
2598776,74840,583
2598776,76531,583
2598776,76916,583
2598776,88939,583
2598776,89404,583
2598776,95691,583
2598776,101835,583
2598776,121233,583
2598776,121713,583
2598776,122771,583
2598776,132322,583
2598776,136234,583
2598776,137790,583
2598776,145663,583
2598780,2539,583
2598780,2941,583
2598780,3485,583
2598780,4884,583
2598780,7277,583
2598780,16211,583
2598780,16435,583
2598780,20171,583
2598780,20197,583
2598780,23037,583
2598780,29261,583
2598780,30491,583
2598780,31765,583
2598780,32404,583
2598780,35061,583
2598780,35304,583
2598780,38389,583
2598780,39672,583
2598780,39689,583
2598780,39696,583
2598780,40024,583
2598780,42721,583
2598780,50448,583
2598780,50497,583
2598780,53923,583
2598780,59564,583
2598780,60465,583
2598780,61510,583
2598780,66115,583
2598780,68212,583
2598780,70473,583
2598780,72807,583
2598780,73274,583
2598780,75473,583
2598780,76316,583
2598780,77421,583
2598780,85103,583
2598780,114431,583
2598780,114808,583
2598780,116549,583
2598780,117880,583
2598780,122072,583
2598780,125357,583
2598780,125702,583
2598780,126232,583
2598780,130436,583
2598780,131219,584
2598780,131607,584
2598780,133630,584
2598780,134338,584
2598780,135671,584
2598780,140254,584
2598780,142142,584
2598780,143263,584
2598780,143799,584
2598780,149359,584
2598828,6806,584
2598828,11264,584
2598828,32973,584
2598828,37619,584
2598828,40780,584
2598828,45524,584
2598828,47758,584
2598828,59912,584
2598828,61567,584
2598828,75579,584
2598828,78984,584
2598828,79042,584
2598828,95690,584
2598828,99603,584
2598828,112754,584
2598828,121521,584
2598828,140513,584
2599007,3966,587
2599007,5239,587
2599007,5562,587
2599007,6503,587
2599007,7084,587
2599007,7645,587
2599007,8123,587
2599007,8178,587
2599007,8960,587
2599007,10469,587
2599007,11515,587
2599007,13415,587
2599007,14732,587
2599007,16756,587
2599007,17603,587
2599007,28406,587
2599007,29191,587
2599007,29538,587
2599007,30106,587
2599007,32424,587
2599007,36801,587
2599007,39809,587
2599007,41469,587
2599007,42522,587
2599007,43151,587
2599007,43194,587
2599007,43854,587
2599007,43976,587
2599007,45223,587
2599007,49739,587
2599007,51747,587
2599007,51943,587
2599007,53312,587
2599007,60678,587
2599007,60867,587
2599007,61480,587
2599007,65690,587
2599007,66089,587
2599007,66878,587
2599007,67176,587
2599007,67248,587
2599007,67870,587
2599007,69483,587
2599007,69561,587
2599007,75507,587
2599007,78142,588
2599007,79872,588
2599007,80194,588
2599007,81066,588
2599007,81225,588
2599007,84128,588
2599007,84871,588
2599007,85500,588
2599007,87419,588
2599007,89610,588
2599007,90882,588
2599007,91189,588
2599007,91909,588
2599007,96453,588
2599007,97689,588
2599007,98913,588
2599007,99145,588
2599007,102254,588
2599007,103474,588
2599007,103999,588
2599007,107054,588
2599007,108234,588
2599007,108440,588
2599007,109582,588
2599007,111131,588
2599007,112791,588
2599007,114358,588
2599007,120038,588
2599007,120090,588
2599007,120184,588
2599007,123919,588
2599007,124307,588
2599007,127122,588
2599007,128822,588
2599007,130279,588
2599007,131660,588
2599007,137686,588
2599007,138798,588
2599007,139629,588
2599007,140801,588
2599007,141869,588
2599007,143538,588
2599007,143812,588
2599007,146638,588
2599007,146794,588
2599010,1593,586
2599010,2312,586
2599010,4638,586
2599010,5562,586
2599010,6503,586
2599010,11515,586
2599010,14732,586
2599010,16756,586
2599010,17124,586
2599010,17179,586
2599010,20519,586
2599010,21006,586
2599010,22874,586
2599010,26631,586
2599010,26660,586
2599010,29338,586
leaf108.txt
