leaf
3387755,61501,3016
3387755,65690,3016
3387755,66999,3016
3387755,67139,3016
3387755,68917,3016
3387755,74492,3016
3387755,79559,3016
3387755,80402,3016
3387755,81567,3017
3387755,84471,3017
3387755,85051,3017
3387755,85453,3017
3387755,85682,3017
3387755,86562,3017
3387755,88058,3017
3387755,89407,3017
3387755,93543,3017
3387755,93586,3017
3387755,95043,3017
3387755,95447,3017
3387755,95662,3017
3387755,96350,3017
3387755,97477,3017
3387755,97894,3017
3387755,100481,3017
3387755,101306,3017
3387755,102915,3017
3387755,105561,3017
3387755,106826,3017
3387755,107450,3017
3387755,107723,3017
3387755,109292,3017
3387755,113142,3017
3387755,119745,3017
3387755,120684,3017
3387755,126079,3017
3387755,127046,3017
3387755,128727,3017
3387755,133132,3017
3387755,135220,3017
3387755,140279,3017
3387755,140772,3017
3387755,141908,3017
3387755,143564,3017
3387939,3094,3015
3387939,5346,3015
3387939,7708,3015
3387939,8159,3015
3387939,9003,3015
3387939,12861,3015
3387939,20189,3015
3387939,25631,3015
3387939,26234,3015
3387939,28591,3015
3387939,37959,3015
3387939,38140,3015
3387939,40294,3015
3387939,43141,3015
3387939,45692,3015
3387939,51059,3015
3387939,51769,3015
3387939,52259,3015
3387939,57894,3015
3387939,61331,3015
3387939,64094,3015
3387939,65256,3016
3387939,68607,3016
3387939,71031,3016
3387939,71902,3016
3387939,73838,3016
3387939,83027,3016
3387939,84047,3016
3387939,91009,3016
3387939,100627,3016
3387939,101948,3016
3387939,105951,3016
3387939,110448,3016
3387939,112815,3016
3387939,116961,3016
3387939,128965,3016
3387939,130891,3016
3387939,130954,3016
3387939,133571,3016
3387939,136623,3016
3387939,137772,3016
3387939,138509,3016
3387939,142211,3016
3387939,143935,3016
3387939,148672,3016
3388201,402,3021
3388201,1219,3021
3388201,1624,3021
3388201,1905,3021
3388201,2029,3021
3388201,3832,3021
3388201,4062,3021
3388201,4483,3021
3388201,5030,3021
3388201,5552,3021
3388201,9102,3021
3388201,9406,3021
3388201,10091,3021
3388201,10703,3021
3388201,11259,3021
3388201,12059,3021
3388201,12365,3021
3388201,12985,3021
3388201,13612,3021
3388201,14033,3021
3388201,17144,3021
3388201,17248,3021
3388201,17394,3021
3388201,21280,3021
3388201,22049,3022
3388201,22426,3022
3388201,22818,3022
3388201,23926,3022
3388201,24302,3022
3388201,24892,3022
3388201,25195,3022
3388201,25363,3022
3388201,26143,3022
3388201,26696,3022
3388201,27077,3022
3388201,27349,3022
3388201,27416,3022
3388201,27799,3022
3388201,27943,3022
3388201,28244,3022
3388201,29823,3022
3388201,30228,3022
3388201,32040,3022
3388201,32393,3022
3388201,32683,3022
3388201,34077,3022
3388201,34472,3022
3388201,34633,3022
3388201,34693,3022
3388201,34821,3022
3388201,35716,3022
3388201,36268,3022
3388201,37133,3022
3388201,37459,3022
3388201,37752,3022
3388201,38004,3022
3388201,39313,3022
3388201,39705,3022
3388201,40389,3022
3388201,40583,3022
3388201,40843,3022
3388201,41045,3022
3388201,41159,3022
3388201,43732,3022
3388201,44360,3022
3388201,45932,3022
3388201,46014,3022
3388201,47135,3022
3388201,47696,3022
3388201,49783,3022
3388201,51336,3022
3388201,51449,3022
3388201,51459,3022
3388201,51994,3022
3388201,52252,3022
3388201,52590,3022
3388201,53091,3022
3388201,53428,3022
3388201,53532,3022
3388201,56220,3022
3388201,58193,3022
3388201,58415,3022
3388201,61208,3022
3388201,62574,3022
3388201,62966,3022
3388201,64213,3022
3388201,66707,3022
3388201,66854,3022
3388201,69517,3022
3388201,70439,3022
3388201,70634,3023
3388201,72256,3023
3388201,72511,3023
3388201,72782,3023
3388201,74522,3023
3388201,75265,3023
3388201,76222,3023
3388201,77473,3023
3388201,78142,3023
3388201,78479,3023
3388201,78508,3023
3388201,79518,3023
3388201,80526,3023
3388201,80532,3023
3388201,81150,3023
3388201,81249,3023
3388201,81251,3023
3388201,81379,3023
3388201,82148,3023
3388201,82551,3023
3388201,82963,3023
3388201,85326,3023
3388201,85559,3023
3388201,86557,3023
3388201,88457,3023
3388201,90336,3023
3388201,91272,3023
3388201,91325,3023
3388201,92245,3023
3388201,92733,3023
3388201,94406,3023
3388201,96390,3023
3388201,96607,3023
3388201,96694,3023
3388201,97077,3023
3388201,97290,3023
3388201,98078,3023
3388201,98636,3023
3388201,99415,3023
3388201,99682,3023
3388201,99911,3023
3388201,102035,3023
3388201,102330,3023
3388201,102987,3023
3388201,104814,3023
3388201,105978,3023
3388201,110954,3023
3388201,111294,3023
3388201,113292,3023
3388201,114082,3023
3388201,114103,3023
3388201,114489,3023
3388201,115520,3023
3388201,115524,3023
3388201,116794,3023
3388201,117033,3023
3388201,118293,3023
3388201,118872,3023
3388201,120370,3023
3388201,120703,3023
3388201,121555,3023
3388201,121564,3023
3388201,122377,3023
3388201,122379,3023
3388201,122930,3023
3388201,123032,3023
3388201,125133,3024
3388201,126525,3024
3388201,127597,3024
3388201,130389,3024
3388201,130547,3024
3388201,131133,3024
3388201,131240,3024
3388201,131368,3024
3388201,131814,3024
3388201,132928,3024
3388201,133465,3024
3388201,134296,3024
3388201,134570,3024
3388201,134578,3024
3388201,134824,3024
3388201,135752,3024
3388201,136825,3024
3388201,137984,3024
3388201,139623,3024
3388201,140120,3024
3388201,141855,3024
3388201,141996,3024
3388201,142190,3024
3388201,144569,3024
3388201,144586,3024
3388201,144819,3024
3388201,147194,3024
3388201,148255,3024
3388201,148690,3024
3388201,149278,3024
3388369,1235,3024
3388369,7586,3024
3388369,11909,3024
3388369,12086,3024
3388369,16352,3024
3388369,17723,3024
3388369,20391,3024
3388369,23809,3024
3388369,24953,3024
3388369,26916,3024
3388369,27365,3024
3388369,27655,3024
3388369,32214,3024
3388369,33680,3024
3388369,35525,3024
3388369,36956,3024
3388369,39212,3024
3388369,41262,3024
3388369,43236,3024
3388369,45506,3024
3388369,52376,3024
3388369,52721,3024
3388369,53020,3024
3388369,54672,3024
3388369,61780,3024
3388369,62285,3024
3388369,63719,3024
3388369,64080,3024
3388369,64861,3024
3388369,65228,3024
3388369,71907,3024
3388369,76032,3024
3388369,80076,3024
3388369,82603,3024
3388369,91075,3024
3388369,91111,3024
3388369,94032,3025
3388369,97781,3025
3388369,99493,3025
3388369,107490,3025
3388369,110632,3025
3388369,117763,3025
3388369,118106,3025
3388369,118407,3025
3388369,121215,3025
3388369,122006,3025
3388369,122765,3025
3388369,128311,3025
3388369,131624,3025
3388369,134145,3025
3388369,135077,3025
3388369,140538,3025
3388369,142141,3025
3388369,146314,3025
3388369,147074,3025
3388369,148221,3025
3389353,22717,3027
3389353,24649,3027
3389353,36632,3027
3389353,37619,3027
3389353,48367,3027
3389353,80957,3027
3389353,82406,3027
3389353,94531,3027
3389353,102371,3027
3389353,110448,3027
3389353,118617,3027
3389353,122572,3027
3389353,129595,3028
3389353,132487,3028
3389353,137486,3028
3389433,7056,3026
3389433,11834,3026
3389433,13749,3026
3389433,14152,3026
3389433,14667,3026
3389433,15424,3026
3389433,18307,3026
3389433,19988,3026
3389433,23460,3026
3389433,28357,3026
3389433,36776,3026
3389433,37239,3026
3389433,44244,3026
3389433,44483,3026
3389433,52921,3026
leaf554.txt
