leaf
3600000,51270,3972
3600000,51778,3972
3600000,53993,3972
3600000,54088,3972
3600000,54258,3972
3600000,54862,3972
3600000,56047,3972
3600000,56173,3972
3600000,57381,3972
3600000,58106,3972
3600000,58716,3972
3600000,59557,3972
3600000,60425,3972
3600000,61125,3972
3600000,62122,3972
3600000,63019,3972
3600000,66633,3972
3600000,66786,3972
3600000,66881,3972
3600000,67064,3972
3600000,67227,3972
3600000,69749,3972
3600000,70882,3972
3600000,71349,3972
3600000,74418,3972
3600000,80584,3972
3600000,80857,3972
3600000,81891,3972
3600000,82606,3972
3600000,84558,3972
3600000,85329,3972
3600000,85344,3972
3600000,91015,3972
3600000,91755,3972
3600000,93893,3972
3600000,94995,3972
3600000,95922,3972
3600000,96496,3972
3600000,97116,3972
3600000,97300,3972
3600000,99631,3972
3600000,100063,3972
3600000,102443,3972
3600000,102583,3972
3600000,103274,3972
3600000,103291,3972
3600000,105389,3972
3600000,106987,3972
3600000,108280,3972
3600000,110459,3972
3600000,110817,3972
3600000,110888,3972
3600000,111793,3972
3600000,113218,3972
3600000,113438,3972
3600000,115208,3972
3600000,116971,3972
3600000,119303,3972
3600000,119508,3972
3600000,120377,3972
3600000,120402,3972
3600000,120434,3972
3600000,120937,3972
3600000,121880,3972
3600000,123181,3972
3600000,124921,3973
3600000,128007,3973
3600000,128087,3973
3600000,128561,3973
3600000,130249,3973
3600000,130561,3973
3600000,130643,3973
3600000,132141,3973
3600000,132149,3973
3600000,132998,3973
3600000,134200,3973
3600000,136067,3973
3600000,137647,3973
3600000,140963,3973
3600000,142711,3973
3600000,143321,3973
3600000,145377,3973
3600000,146610,3973
3600000,147510,3973
3600000,149200,3973
3600000,149238,3973
3600175,5697,3973
3600175,7778,3973
3600175,13865,3973
3600175,18834,3973
3600175,24500,3973
3600175,34792,3973
3600175,52519,3973
3600175,63264,3973
3600175,84332,3973
3600175,89970,3973
3600175,93171,3973
3600175,93829,3973
3600175,101711,3973
3600175,106755,3973
3600175,107620,3973
3600175,117222,3973
3600175,118430,3973
3600175,125244,3973
3600175,125972,3973
3600175,141620,3973
3600175,149228,3973
3602187,831,3973
3602187,1155,3973
3602187,2560,3973
3602187,2594,3973
3602187,2817,3973
3602187,3353,3973
3602187,4560,3973
3602187,4588,3974
3602187,5002,3974
3602187,6578,3974
3602187,8149,3974
3602187,10091,3974
3602187,10129,3974
3602187,10999,3974
3602187,11781,3974
3602187,13042,3974
3602187,13124,3974
3602187,15142,3974
3602187,15153,3974
3602187,17494,3974
3602187,17583,3974
3602187,18233,3974
3602187,21046,3974
3602187,24232,3974
3602187,29888,3974
3602187,31108,3974
3602187,31322,3974
3602187,32347,3974
3602187,32522,3974
3602187,33639,3974
3602187,38161,3974
3602187,40418,3974
3602187,40843,3974
3602187,41242,3974
3602187,41815,3974
3602187,42346,3974
3602187,42909,3974
3602187,43254,3974
3602187,45432,3974
3602187,48782,3974
3602187,50036,3974
3602187,50582,3974
3602187,51370,3974
3602187,51782,3974
3602187,52676,3974
3602187,55058,3974
3602187,55319,3974
3602187,55416,3974
3602187,61435,3974
3602187,62716,3974
3602187,63445,3974
3602187,65014,3974
3602187,65679,3974
3602187,65823,3974
3602187,66387,3974
3602187,67023,3974
3602187,67547,3974
3602187,67659,3974
3602187,68066,3974
3602187,68349,3974
3602187,69808,3974
3602187,70967,3974
3602187,72479,3974
3602187,73118,3974
3602187,73851,3974
3602187,76042,3974
3602187,77192,3974
3602187,77624,3974
3602187,78917,3974
3602187,79733,3974
3602187,80402,3974
3602187,83553,3974
3602187,84671,3974
3602187,86216,3975
3602187,87487,3975
3602187,89848,3975
3602187,92670,3975
3602187,92789,3975
3602187,92797,3975
3602187,95038,3975
3602187,95504,3975
3602187,96426,3975
3602187,97725,3975
3602187,98798,3975
3602187,100044,3975
3602187,100076,3975
3602187,100481,3975
3602187,101858,3975
3602187,102105,3975
3602187,103221,3975
3602187,104662,3975
3602187,105516,3975
3602187,105524,3975
3602187,105561,3975
3602187,106215,3975
3602187,108408,3975
3602187,109855,3975
3602187,112295,3975
3602187,112310,3975
3602187,112364,3975
3602187,112662,3975
3602187,113250,3975
3602187,113954,3975
3602187,114349,3975
3602187,115716,3975
3602187,116184,3975
3602187,118069,3975
3602187,119699,3975
3602187,123137,3975
3602187,123609,3975
3602187,123948,3975
3602187,124971,3975
3602187,125552,3975
3602187,127801,3975
3602187,130034,3975
3602187,130304,3975
3602187,130817,3975
3602187,132774,3975
3602187,133784,3975
3602187,134337,3975
3602187,136433,3975
3602187,136791,3975
3602187,137082,3975
3602187,137948,3975
3602187,138106,3975
3602187,139119,3975
3602187,140493,3975
3602187,140621,3975
3602187,141996,3975
3602187,142797,3975
3602187,142904,3975
3602187,143632,3975
3602187,144398,3975
3602187,145853,3975
3602187,147303,3975
3602187,148372,3975
3602187,149345,3975
3602334,29286,3973
3602334,36719,3973
3602334,38933,3973
3602334,45799,3973
3602334,47763,3973
3602334,57600,3973
3602334,64371,3973
3602334,74766,3973
3602334,79647,3973
3602334,94289,3973
3602334,98399,3973
3602334,100031,3973
3602334,117367,3973
3602334,118637,3973
3602334,119346,3973
3602334,120081,3973
3602334,128814,3973
3602905,15650,3975
3602905,25273,3975
3602905,28779,3976
3602905,38340,3976
3602905,40831,3976
3602905,45045,3976
3602905,50803,3976
3602905,56154,3976
3602905,58371,3976
3602905,60435,3976
3602905,67998,3976
3602905,73546,3976
3602905,77630,3976
3602905,90282,3976
3602905,103026,3976
3602905,110908,3976
3602905,113123,3976
3602905,119027,3976
3602905,121145,3976
3602905,123644,3976
3602905,126926,3976
3602905,129824,3976
3602905,131098,3976
3602905,135909,3976
3602905,140234,3976
3602905,144763,3976
3603005,1770,3978
3603005,3693,3978
3603005,4516,3978
3603005,4531,3978
3603005,4868,3978
3603005,5267,3978
3603005,12186,3978
3603005,13254,3978
3603005,13580,3978
3603005,13969,3978
3603005,17115,3978
3603005,17598,3978
3603005,19950,3978
3603005,21176,3978
3603005,21224,3978
3603005,22263,3978
3603005,22522,3978
3603005,23248,3978
3603005,23334,3979
3603005,23356,3979
3603005,25597,3979
3603005,26572,3979
3603005,27786,3979
3603005,30087,3979
3603005,30914,3979
3603005,31467,3979
3603005,34943,3979
3603005,34996,3979
3603005,35513,3979
3603005,36214,3979
3603005,39248,3979
3603005,40541,3979
3603005,41971,3979
3603005,42346,3979
3603005,42510,3979
3603005,42601,3979
3603005,42644,3979
3603005,42748,3979
3603005,45621,3979
3603005,46873,3979
3603005,47168,3979
3603005,47850,3979
3603005,47929,3979
3603005,49666,3979
3603005,50196,3979
3603005,50654,3979
3603005,51033,3979
3603005,51129,3979
3603005,55902,3979
3603005,56098,3979
3603005,58612,3979
3603005,59364,3979
3603005,59373,3979
3603005,60526,3979
3603005,62847,3979
3603005,63753,3979
3603005,63786,3979
3603005,64925,3979
3603005,65884,3979
3603005,66748,3979
3603005,68049,3979
3603005,71022,3979
3603005,71817,3979
3603005,73733,3979
3603005,73865,3979
3603005,73893,3979
3603005,74474,3979
3603005,75199,3979
3603005,76478,3979
3603005,77492,3979
3603005,78721,3979
3603005,78906,3979
3603005,79225,3979
3603005,80364,3979
leaf728.txt
