leaf
2673288,123863,810
2673288,124157,810
2673288,125165,810
2673288,125719,810
2673288,127083,810
2673288,142485,810
2673288,148231,810
2674051,37,810
2674051,2736,810
2674051,3564,810
2674051,4985,810
2674051,6031,810
2674051,7530,810
2674051,8521,810
2674051,8636,810
2674051,9058,810
2674051,9686,810
2674051,9960,810
2674051,10362,810
2674051,10551,810
2674051,11327,810
2674051,15130,810
2674051,15676,810
2674051,17932,810
2674051,18582,810
2674051,19473,810
2674051,19707,810
2674051,19854,810
2674051,21559,810
2674051,23089,810
2674051,23653,810
2674051,24975,811
2674051,25959,811
2674051,26069,811
2674051,26712,811
2674051,26829,811
2674051,27180,811
2674051,27588,811
2674051,28948,811
2674051,29905,811
2674051,30807,811
2674051,30808,811
2674051,33803,811
2674051,34918,811
2674051,35602,811
2674051,35805,811
2674051,36129,811
2674051,40283,811
2674051,40447,811
2674051,40876,811
2674051,42390,811
2674051,44212,811
2674051,44627,811
2674051,46508,811
2674051,46810,811
2674051,48795,811
2674051,50621,811
2674051,52587,811
2674051,52747,811
2674051,53607,811
2674051,54171,811
2674051,55264,811
2674051,55542,811
2674051,59778,811
2674051,60530,811
2674051,60689,811
2674051,61573,811
2674051,62315,811
2674051,62534,811
2674051,62696,811
2674051,62996,811
2674051,63835,811
2674051,64008,811
2674051,64447,811
2674051,65570,811
2674051,66524,811
2674051,67471,811
2674051,70558,811
2674051,71855,811
2674051,72117,811
2674051,72196,811
2674051,72634,811
2674051,73018,811
2674051,74237,811
2674051,75262,811
2674051,75531,811
2674051,75549,811
2674051,78263,811
2674051,81037,811
2674051,81957,811
2674051,82037,811
2674051,87583,811
2674051,90868,811
2674051,91247,811
2674051,92064,811
2674051,92139,811
2674051,92422,811
2674051,92652,812
2674051,93234,812
2674051,93496,812
2674051,93821,812
2674051,94554,812
2674051,94602,812
2674051,96024,812
2674051,96523,812
2674051,96873,812
2674051,98301,812
2674051,99393,812
2674051,99497,812
2674051,101165,812
2674051,102104,812
2674051,102777,812
2674051,102787,812
2674051,103834,812
2674051,104137,812
2674051,104232,812
2674051,104679,812
2674051,105017,812
2674051,106350,812
2674051,110816,812
2674051,110980,812
2674051,111217,812
2674051,112060,812
2674051,113574,812
2674051,115640,812
2674051,115726,812
2674051,116288,812
2674051,117596,812
2674051,117599,812
2674051,119862,812
2674051,121330,812
2674051,121384,812
2674051,122073,812
2674051,122645,812
2674051,123437,812
2674051,124424,812
2674051,124462,812
2674051,125255,812
2674051,125664,812
2674051,126147,812
2674051,127141,812
2674051,127237,812
2674051,127449,812
2674051,128317,812
2674051,128983,812
2674051,129527,812
2674051,132315,812
2674051,133831,812
2674051,134009,812
2674051,137325,812
2674051,139562,812
2674051,139639,812
2674051,140582,812
2674051,141018,812
2674051,143484,812
2674051,145527,812
2674051,145664,812
2674051,146649,812
2675639,88,812
2675639,542,812
2675639,6743,812
2675639,7424,812
2675639,8120,812
2675639,11388,813
2675639,15335,813
2675639,15460,813
2675639,15540,813
2675639,16429,813
2675639,18318,813
2675639,19084,813
2675639,20139,813
2675639,20591,813
2675639,21900,813
2675639,23312,813
2675639,23574,813
2675639,25764,813
2675639,25921,813
2675639,26247,813
2675639,29451,813
2675639,29749,813
2675639,32225,813
2675639,33208,813
2675639,35369,813
2675639,36811,813
2675639,38830,813
2675639,40238,813
2675639,45558,813
2675639,46213,813
2675639,46411,813
2675639,46918,813
2675639,47623,813
2675639,49001,813
2675639,50569,813
2675639,55723,813
2675639,57582,813
2675639,59034,813
2675639,59172,813
2675639,59453,813
2675639,63343,813
2675639,68245,813
2675639,68254,813
2675639,69225,813
2675639,69467,813
2675639,69558,813
2675639,70030,813
2675639,71564,813
2675639,73803,813
2675639,76740,813
2675639,81033,813
2675639,81104,813
2675639,82096,813
2675639,82883,813
2675639,83030,813
2675639,84310,813
2675639,84421,813
2675639,89417,813
2675639,90489,813
2675639,90730,813
2675639,90982,813
2675639,92989,813
2675639,93487,813
2675639,95685,813
2675639,97020,813
2675639,100774,813
2675639,102997,813
2675639,103892,813
2675639,107091,813
2675639,109547,813
2675639,110346,813
2675639,111514,814
2675639,111975,814
2675639,114095,814
2675639,114676,814
2675639,120192,814
2675639,120469,814
2675639,126996,814
2675639,127449,814
2675639,127522,814
2675639,129541,814
2675639,129927,814
2675639,132254,814
2675639,134197,814
2675639,135988,814
2675639,136296,814
2675639,137914,814
2675639,138449,814
2675639,140723,814
2675639,141223,814
2675639,141225,814
2675639,142227,814
2675639,143618,814
2675639,146734,814
2675639,147917,814
2675639,149201,814
2676817,476,814
2676817,1984,814
2676817,8087,814
2676817,8605,814
2676817,9129,814
2676817,12769,814
2676817,15876,814
2676817,15881,814
2676817,15987,814
2676817,16893,814
2676817,22587,814
2676817,23046,814
2676817,23063,814
2676817,25516,814
2676817,28849,814
2676817,29366,814
2676817,31373,814
2676817,41723,814
2676817,42355,814
2676817,46254,814
2676817,47844,814
2676817,48625,814
2676817,48643,814
2676817,51096,814
2676817,51345,814
2676817,54890,814
2676817,57295,814
2676817,58440,814
2676817,59096,814
2676817,59346,814
2676817,60147,814
2676817,60520,814
2676817,61064,814
2676817,62580,814
2676817,63438,814
2676817,66254,814
2676817,67919,814
2676817,72483,814
2676817,76918,814
2676817,79262,814
2676817,79824,814
2676817,80189,815
2676817,81497,815
2676817,84015,815
2676817,85938,815
2676817,87343,815
2676817,87870,815
2676817,93246,815
2676817,94609,815
2676817,95753,815
2676817,95929,815
2676817,99881,815
2676817,101800,815
2676817,102103,815
2676817,103703,815
2676817,104101,815
2676817,110314,815
2676817,115883,815
2676817,119621,815
2676817,121234,815
2676817,122469,815
2676817,125470,815
2676817,125883,815
2676817,131875,815
2676817,136371,815
2676817,137914,815
2676817,139874,815
2676817,140340,815
2676817,146146,815
2676817,147184,815
2678345,37,815
2678345,3847,815
2678345,4843,815
2678345,5281,815
2678345,6917,815
2678345,9279,815
2678345,10362,815
2678345,12267,815
2678345,12305,815
2678345,13365,815
2678345,16439,815
2678345,18588,815
2678345,18840,815
2678345,19259,815
2678345,23462,815
2678345,26148,815
2678345,28430,815
2678345,30027,815
2678345,30073,815
2678345,30147,815
2678345,31291,815
2678345,33600,815
2678345,34918,815
2678345,45610,815
2678345,47807,815
2678345,48050,815
2678345,52748,815
2678345,53793,815
2678345,53888,815
2678345,55429,815
2678345,58410,815
2678345,58837,815
2678345,59290,815
2678345,60523,815
2678345,61441,815
2678345,62561,815
2678345,62729,815
leaf150.txt
