leaf
3346295,26818,2859
3346295,31116,2859
3346295,31653,2859
3346295,31918,2859
3346295,36878,2859
3346295,39429,2859
3346295,42186,2859
3346295,43193,2859
3346295,43289,2859
3346295,44560,2859
3346295,45908,2859
3346295,46928,2859
3346295,49247,2859
3346295,50226,2859
3346295,50360,2859
3346295,50930,2859
3346295,54473,2859
3346295,59980,2859
3346295,60565,2859
3346295,60624,2859
3346295,62739,2859
3346295,63794,2859
3346295,65049,2859
3346295,65460,2859
3346295,66195,2859
3346295,66852,2859
3346295,67136,2859
3346295,69386,2859
3346295,72774,2859
3346295,74756,2859
3346295,75973,2859
3346295,82317,2860
3346295,83527,2860
3346295,83806,2860
3346295,87097,2860
3346295,88062,2860
3346295,88641,2860
3346295,90461,2860
3346295,91876,2860
3346295,93897,2860
3346295,94032,2860
3346295,95058,2860
3346295,95696,2860
3346295,97689,2860
3346295,98543,2860
3346295,98673,2860
3346295,99806,2860
3346295,100554,2860
3346295,101650,2860
3346295,102302,2860
3346295,103779,2860
3346295,105262,2860
3346295,105882,2860
3346295,106253,2860
3346295,106671,2860
3346295,109005,2860
3346295,109971,2860
3346295,112464,2860
3346295,113050,2860
3346295,114497,2860
3346295,115718,2860
3346295,116300,2860
3346295,116800,2860
3346295,121401,2860
3346295,124283,2860
3346295,126552,2860
3346295,126699,2860
3346295,126814,2860
3346295,127132,2860
3346295,127247,2860
3346295,128845,2860
3346295,130695,2860
3346295,132378,2860
3346295,132777,2860
3346295,132873,2860
3346295,133908,2860
3346295,141073,2860
3346295,141834,2860
3346295,142844,2860
3346295,143570,2860
3346295,143866,2860
3346295,143969,2860
3346295,145106,2860
3346295,146232,2860
3346295,146798,2860
3346295,146808,2860
3346295,146945,2860
3346318,726,2855
3346318,1287,2855
3346318,3311,2855
3346318,4263,2855
3346318,5820,2855
3346318,6434,2855
3346318,8878,2855
3346318,9688,2855
3346318,9841,2855
3346318,11769,2855
3346318,12085,2855
3346318,13386,2855
3346318,19763,2855
3346318,21207,2855
3346318,22022,2855
3346318,25549,2855
3346318,25761,2855
3346318,26140,2855
3346318,26693,2855
3346318,33730,2855
3346318,36878,2855
3346318,39308,2855
3346318,40005,2855
3346318,42186,2855
3346318,45339,2855
3346318,46182,2855
3346318,46360,2856
3346318,46741,2856
3346318,46928,2856
3346318,51407,2856
3346318,52100,2856
3346318,54473,2856
3346318,56262,2856
3346318,56693,2856
3346318,62956,2856
3346318,67286,2856
3346318,81531,2856
3346318,86994,2856
3346318,87359,2856
3346318,93897,2856
3346318,94032,2856
3346318,95151,2856
3346318,97689,2856
3346318,98543,2856
3346318,101650,2856
3346318,102302,2856
3346318,103955,2856
3346318,107786,2856
3346318,109699,2856
3346318,113146,2856
3346318,114065,2856
3346318,120034,2856
3346318,120227,2856
3346318,123480,2856
3346318,124095,2856
3346318,126552,2856
3346318,127247,2856
3346318,132873,2856
3346318,134239,2856
3346318,134891,2856
3346318,136223,2856
3346318,136239,2856
3346318,139609,2856
3346318,143570,2856
3346318,143866,2856
3346318,144652,2856
3346318,146945,2856
3346321,3437,2860
3346321,4199,2860
3346321,6434,2860
3346321,6672,2860
3346321,8878,2860
3346321,11769,2860
3346321,13386,2860
3346321,19763,2860
3346321,19947,2860
3346321,21561,2860
3346321,25417,2861
3346321,25549,2861
3346321,26637,2861
3346321,31116,2861
3346321,36294,2861
3346321,44910,2861
3346321,46182,2861
3346321,46360,2861
3346321,51951,2861
3346321,53321,2861
3346321,54473,2861
3346321,56457,2861
3346321,66880,2861
3346321,72066,2861
3346321,75938,2861
3346321,75973,2861
3346321,78958,2861
3346321,81011,2861
3346321,83194,2861
3346321,84092,2861
3346321,90159,2861
3346321,91277,2861
3346321,94101,2861
3346321,95096,2861
3346321,97929,2861
3346321,99507,2861
3346321,101274,2861
3346321,105947,2861
3346321,106432,2861
3346321,108418,2861
3346321,109845,2861
3346321,115514,2861
3346321,116709,2861
3346321,120034,2861
3346321,121499,2861
3346321,121925,2861
3346321,132391,2861
3346321,134084,2861
3346321,137227,2861
3346321,138254,2861
3346321,141151,2861
3346321,142019,2861
3346321,142236,2861
3346321,142290,2861
3346321,142745,2861
3346325,726,2854
3346325,3311,2854
3346325,4674,2854
3346325,9221,2854
3346325,9630,2854
3346325,9868,2854
3346325,12865,2854
3346325,13386,2854
3346325,15523,2854
3346325,18722,2854
3346325,19763,2854
3346325,25549,2854
3346325,29105,2854
3346325,29534,2854
3346325,31666,2854
3346325,34558,2854
3346325,37039,2854
3346325,40422,2855
3346325,46360,2855
3346325,48098,2855
3346325,53581,2855
3346325,54473,2855
3346325,55256,2855
3346325,55511,2855
3346325,67340,2855
3346325,71709,2855
3346325,76366,2855
3346325,79729,2855
3346325,83537,2855
3346325,84460,2855
3346325,84910,2855
3346325,86319,2855
3346325,86966,2855
3346325,90261,2855
3346325,90690,2855
3346325,91700,2855
3346325,94153,2855
3346325,94861,2855
3346325,98543,2855
3346325,99074,2855
3346325,100478,2855
3346325,102302,2855
3346325,102481,2855
3346325,103195,2855
3346325,108928,2855
3346325,114429,2855
3346325,120665,2855
3346325,123725,2855
3346325,123795,2855
3346325,124070,2855
3346325,127247,2855
3346325,128445,2855
3346325,132962,2855
3346325,134800,2855
3346325,135958,2855
3346325,138254,2855
3346325,139974,2855
3346330,395,2857
3346330,3313,2857
3346330,3988,2857
3346330,6366,2857
3346330,9605,2857
3346330,10017,2857
3346330,11662,2857
3346330,13418,2857
3346330,14460,2857
3346330,17259,2857
3346330,17576,2857
3346330,18969,2858
3346330,21727,2858
3346330,21762,2858
3346330,25591,2858
3346330,30578,2858
3346330,33699,2858
3346330,34679,2858
3346330,39358,2858
3346330,39757,2858
3346330,42942,2858
3346330,45101,2858
3346330,45512,2858
3346330,45755,2858
3346330,48236,2858
3346330,50672,2858
3346330,52520,2858
3346330,53648,2858
3346330,54119,2858
3346330,55851,2858
3346330,56439,2858
3346330,57189,2858
3346330,59156,2858
3346330,60001,2858
3346330,60565,2858
3346330,60566,2858
3346330,62388,2858
3346330,64342,2858
3346330,65689,2858
3346330,65762,2858
3346330,65778,2858
3346330,66988,2858
3346330,67869,2858
3346330,71955,2858
3346330,73010,2858
3346330,73122,2858
3346330,78990,2858
3346330,79129,2858
3346330,79407,2858
3346330,80284,2858
3346330,80859,2858
3346330,84021,2858
3346330,84234,2858
3346330,84950,2858
3346330,86955,2858
3346330,89406,2858
3346330,90025,2858
3346330,90981,2858
3346330,93486,2858
3346330,93726,2858
3346330,95492,2858
3346330,98101,2858
3346330,98948,2858
3346330,99957,2858
3346330,104162,2858
3346330,104352,2858
3346330,110893,2858
3346330,112496,2858
3346330,112939,2858
3346330,113207,2858
3346330,114011,2858
3346330,115874,2858
3346330,116300,2858
3346330,121322,2858
3346330,121574,2858
3346330,124167,2858
3346330,124967,2858
3346330,127734,2859
3346330,128445,2859
3346330,129578,2859
3346330,129612,2859
3346330,130254,2859
3346330,132063,2859
3346330,134254,2859
3346330,135493,2859
3346330,135769,2859
3346330,136176,2859
3346330,136256,2859
3346330,136885,2859
3346330,137023,2859
3346330,137245,2859
3346330,139294,2859
3346330,140131,2859
3346330,140397,2859
3346330,143092,2859
leaf524.txt
