leaf
3429676,144414,3306
3429676,144456,3306
3429676,147786,3306
3429943,3253,3302
3429943,3787,3302
3429943,7021,3302
3429943,9787,3302
3429943,10682,3302
3429943,10954,3302
3429943,13684,3302
3429943,17745,3302
3429943,18307,3302
3429943,26462,3302
3429943,27871,3303
3429943,28341,3303
3429943,29804,3303
3429943,33298,3303
3429943,35852,3303
3429943,37438,3303
3429943,41787,3303
3429943,42237,3303
3429943,44402,3303
3429943,50855,3303
3429943,53232,3303
3429943,56174,3303
3429943,57006,3303
3429943,59593,3303
3429943,59672,3303
3429943,69525,3303
3429943,75223,3303
3429943,78713,3303
3429943,80832,3303
3429943,83856,3303
3429943,84719,3303
3429943,88727,3303
3429943,93244,3303
3429943,95393,3303
3429943,96665,3303
3429943,100239,3303
3429943,101403,3303
3429943,102844,3303
3429943,104436,3303
3429943,105114,3303
3429943,105452,3303
3429943,108750,3303
3429943,118149,3303
3429943,118214,3303
3429943,120137,3303
3429943,124007,3303
3429943,125308,3303
3429943,127359,3303
3429943,131475,3303
3429943,132299,3303
3429943,138984,3303
3429943,140438,3303
3429943,145722,3303
3429943,145945,3303
3429943,146777,3303
3429965,434,3301
3429965,5039,3301
3429965,6330,3301
3429965,11225,3301
3429965,17628,3301
3429965,22181,3301
3429965,24550,3301
3429965,26582,3301
3429965,31892,3301
3429965,36944,3301
3429965,37692,3301
3429965,39650,3301
3429965,43963,3301
3429965,45399,3301
3429965,46124,3301
3429965,47045,3301
3429965,47702,3301
3429965,48585,3301
3429965,50188,3301
3429965,52847,3301
3429965,55274,3301
3429965,56144,3301
3429965,56243,3301
3429965,57206,3301
3429965,57496,3301
3429965,59206,3301
3429965,60998,3301
3429965,67423,3301
3429965,68099,3301
3429965,70675,3301
3429965,76515,3301
3429965,79595,3301
3429965,81343,3301
3429965,83254,3301
3429965,87402,3301
3429965,87738,3301
3429965,95122,3301
3429965,99717,3301
3429965,101078,3301
3429965,103639,3301
3429965,104413,3301
3429965,104681,3301
3429965,108663,3301
3429965,110250,3301
3429965,110411,3301
3429965,112167,3301
3429965,112844,3301
3429965,112872,3301
3429965,116753,3302
3429965,117360,3302
3429965,120379,3302
3429965,120791,3302
3429965,122535,3302
3429965,127549,3302
3429965,127648,3302
3429965,128690,3302
3429965,130241,3302
3429965,132395,3302
3429965,134716,3302
3429965,139743,3302
3429965,142076,3302
3429965,147342,3302
3430071,1086,3306
3430071,2980,3306
3430071,3449,3306
3430071,4839,3306
3430071,5564,3306
3430071,6126,3306
3430071,9904,3306
3430071,17645,3306
3430071,22673,3306
3430071,23198,3306
3430071,23456,3306
3430071,25118,3306
3430071,30691,3306
3430071,34109,3306
3430071,36228,3306
3430071,37588,3306
3430071,39102,3306
3430071,52143,3306
3430071,55056,3306
3430071,59702,3306
3430071,61596,3306
3430071,66491,3306
3430071,68178,3306
3430071,70639,3306
3430071,70752,3306
3430071,74005,3306
3430071,74306,3306
3430071,77193,3306
3430071,84081,3306
3430071,86806,3306
3430071,92206,3306
3430071,100508,3307
3430071,102405,3307
3430071,102798,3307
3430071,105670,3307
3430071,105686,3307
3430071,106044,3307
3430071,116735,3307
3430071,116941,3307
3430071,119638,3307
3430071,123126,3307
3430071,125298,3307
3430071,128497,3307
3430071,135731,3307
3430071,139174,3307
3430071,139822,3307
3430071,146503,3307
3430071,149130,3307
3430279,266,3308
3430279,5775,3308
3430279,9838,3308
3430279,10675,3308
3430279,14418,3308
3430279,16016,3308
3430279,24547,3308
3430279,26198,3308
3430279,26854,3308
3430279,37537,3308
3430279,39485,3308
3430279,40275,3308
3430279,40912,3308
3430279,50151,3308
3430279,52196,3308
3430279,54902,3308
3430279,55551,3308
3430279,59025,3308
3430279,66774,3308
3430279,71090,3308
3430279,72050,3308
3430279,73950,3308
3430279,75292,3308
3430279,75584,3308
3430279,78870,3308
3430279,79172,3308
3430279,83926,3308
3430279,92620,3308
3430279,93256,3308
3430279,94570,3308
3430279,95232,3308
3430279,98723,3308
3430279,99028,3308
3430279,103487,3308
3430279,103573,3308
3430279,103893,3308
3430279,105964,3308
3430279,108630,3308
3430279,110047,3308
3430279,111166,3308
3430279,113400,3308
3430279,119744,3308
3430279,124379,3308
3430279,124860,3308
3430279,131934,3308
3430279,134206,3308
3430279,134985,3308
3430279,135067,3308
3430279,141748,3308
3430383,3450,3307
3430383,17813,3307
3430383,19243,3307
3430383,21641,3307
3430383,26509,3307
3430383,28956,3307
3430383,29306,3307
3430383,29383,3307
3430383,31962,3307
3430383,45724,3307
3430383,48217,3307
3430383,48451,3307
3430383,50519,3307
3430383,52032,3307
3430383,52374,3307
3430383,53830,3307
3430383,55609,3307
3430383,57757,3307
3430383,65877,3307
3430383,66217,3307
3430383,73093,3307
3430383,76677,3307
3430383,77459,3307
3430383,78093,3307
3430383,81745,3307
3430383,86173,3307
3430383,87280,3307
3430383,88161,3307
3430383,94301,3307
3430383,98737,3307
3430383,98890,3307
3430383,100473,3307
3430383,102330,3307
3430383,103512,3307
3430383,104067,3307
3430383,104193,3307
3430383,108542,3307
3430383,108929,3307
3430383,109552,3307
3430383,114663,3307
3430383,116632,3307
3430383,117275,3307
3430383,123691,3307
3430383,125180,3307
3430383,125933,3307
3430383,129665,3307
3430383,131779,3307
3430383,132519,3307
3430383,134063,3307
3430383,134484,3308
3430383,135589,3308
3430383,136916,3308
3430383,139119,3308
3430383,141855,3308
3430383,142209,3308
3430383,143741,3308
3430383,143795,3308
3430383,146089,3308
3430383,147052,3308
3430407,335,3310
3430407,3420,3310
3430407,4087,3310
3430407,5609,3310
3430407,12479,3310
3430407,17061,3310
3430407,19332,3310
3430407,20806,3310
3430407,28539,3310
3430407,34027,3310
3430407,36029,3310
3430407,41365,3310
3430407,44266,3310
3430407,53728,3310
3430407,56601,3310
3430407,57386,3310
3430407,59105,3310
3430407,62811,3310
3430407,63854,3310
3430407,64030,3310
3430407,64691,3310
3430407,66748,3310
3430407,72947,3310
3430407,74277,3310
3430407,74847,3310
3430407,75590,3310
3430407,82107,3310
3430407,82779,3310
3430407,86898,3310
3430407,89368,3310
3430407,90886,3310
3430407,92164,3310
3430407,97451,3310
3430407,99559,3310
3430407,102315,3310
3430407,103803,3310
3430407,108408,3310
3430407,109306,3310
3430407,111818,3310
3430407,113292,3310
3430407,113970,3310
3430407,124055,3310
3430407,124394,3310
3430407,129388,3310
3430407,132178,3310
3430407,133355,3310
3430407,133701,3310
3430407,136261,3310
3430407,137874,3310
3430407,142748,3311
3430407,142904,3311
3430407,145086,3311
3430407,145560,3311
3430407,146173,3311
3430407,148851,3311
3430411,1544,3309
3430411,4153,3309
3430411,4820,3309
3430411,9267,3309
3430411,12087,3309
3430411,13170,3309
3430411,13417,3309
3430411,21134,3309
3430411,22607,3309
3430411,29086,3309
3430411,30581,3309
3430411,31543,3309
3430411,33971,3309
3430411,36282,3309
3430411,37284,3309
3430411,53474,3309
3430411,54224,3309
3430411,69524,3310
3430411,85476,3310
3430411,87563,3310
3430411,89983,3310
3430411,91676,3310
3430411,113118,3310
3430411,114695,3310
3430411,116933,3310
3430411,123712,3310
3430411,125425,3310
3430411,127396,3310
3430411,137853,3310
3430411,138395,3310
leaf606.txt
