leaf
3475664,146316,3568
3475745,1067,3570
3475745,4912,3570
3475745,8122,3570
3475745,8334,3570
3475745,10532,3570
3475745,10918,3570
3475745,11511,3570
3475745,14802,3570
3475745,20647,3570
3475745,23497,3570
3475745,26178,3570
3475745,32197,3570
3475745,36764,3570
3475745,37379,3570
3475745,38855,3570
3475745,41964,3570
3475745,42954,3570
3475745,44829,3570
3475745,45663,3570
3475745,45827,3570
3475745,46036,3570
3475745,49076,3570
3475745,51268,3570
3475745,54355,3571
3475745,56517,3571
3475745,59546,3571
3475745,60519,3571
3475745,62152,3571
3475745,62513,3571
3475745,62571,3571
3475745,66630,3571
3475745,68673,3571
3475745,68812,3571
3475745,70640,3571
3475745,73574,3571
3475745,74517,3571
3475745,76195,3571
3475745,80673,3571
3475745,81737,3571
3475745,81928,3571
3475745,83611,3571
3475745,84651,3571
3475745,85235,3571
3475745,87152,3571
3475745,87815,3571
3475745,93369,3571
3475745,93939,3571
3475745,95135,3571
3475745,97407,3571
3475745,101454,3571
3475745,104590,3571
3475745,104607,3571
3475745,110907,3571
3475745,112892,3571
3475745,118270,3571
3475745,120984,3571
3475745,121890,3571
3475745,123069,3571
3475745,125136,3571
3475745,127401,3571
3475745,127788,3571
3475745,128056,3571
3475745,128596,3571
3475745,133862,3571
3475745,134829,3571
3475745,135457,3571
3475745,140270,3571
3475745,143129,3571
3475745,143821,3571
3475745,146141,3571
3475807,1119,3572
3475807,3723,3572
3475807,4732,3572
3475807,13551,3572
3475807,14746,3572
3475807,26201,3572
3475807,34280,3572
3475807,38734,3572
3475807,40252,3572
3475807,45708,3572
3475807,45744,3572
3475807,49935,3572
3475807,50257,3572
3475807,53812,3572
3475807,54731,3572
3475807,62461,3572
3475807,66283,3572
3475807,69825,3572
3475807,69966,3572
3475807,70615,3572
3475807,79229,3572
3475807,80276,3572
3475807,99050,3572
3475807,100323,3572
3475807,100842,3572
3475807,111581,3572
3475807,115644,3572
3475807,129396,3572
3475807,133481,3572
3475807,135361,3572
3475807,138028,3572
3475807,144549,3572
3475807,145761,3572
3475807,146423,3572
3475807,148032,3572
3476488,635,3575
3476488,1046,3575
3476488,1091,3575
3476488,1792,3575
3476488,2215,3575
3476488,2223,3575
3476488,2826,3575
3476488,3096,3575
3476488,3203,3575
3476488,3437,3575
3476488,5098,3575
3476488,5202,3575
3476488,5466,3575
3476488,5743,3575
3476488,5972,3575
3476488,6016,3575
3476488,7036,3575
3476488,7574,3575
3476488,8705,3575
3476488,8803,3575
3476488,9238,3575
3476488,9844,3575
3476488,10895,3575
3476488,10961,3575
3476488,11520,3575
3476488,11770,3575
3476488,11996,3575
3476488,12012,3575
3476488,12311,3575
3476488,12582,3575
3476488,13626,3575
3476488,13767,3575
3476488,13794,3575
3476488,14905,3575
3476488,15537,3575
3476488,15565,3575
3476488,16204,3575
3476488,16335,3575
3476488,16400,3575
3476488,16848,3575
3476488,16888,3575
3476488,17113,3575
3476488,17157,3575
3476488,17205,3575
3476488,17620,3575
3476488,17625,3576
3476488,17652,3576
3476488,17876,3576
3476488,18630,3576
3476488,19058,3576
3476488,19697,3576
3476488,20230,3576
3476488,21222,3576
3476488,21810,3576
3476488,22173,3576
3476488,22989,3576
3476488,23330,3576
3476488,23437,3576
3476488,23597,3576
3476488,23888,3576
3476488,23921,3576
3476488,23952,3576
3476488,24576,3576
3476488,24810,3576
3476488,25620,3576
3476488,25656,3576
3476488,25898,3576
3476488,25984,3576
3476488,26912,3576
3476488,26942,3576
3476488,27177,3576
3476488,27361,3576
3476488,27730,3576
3476488,28180,3576
3476488,29562,3576
3476488,29722,3576
3476488,29789,3576
3476488,30932,3576
3476488,31555,3576
3476488,31836,3576
3476488,31956,3576
3476488,32127,3576
3476488,32304,3576
3476488,32481,3576
3476488,32904,3576
3476488,33218,3576
3476488,33431,3576
3476488,33683,3576
3476488,33946,3576
3476488,33974,3576
3476488,34130,3576
3476488,34322,3576
3476488,35070,3576
3476488,35148,3576
3476488,35312,3576
3476488,35429,3576
3476488,35512,3576
3476488,36040,3576
3476488,36173,3576
3476488,36897,3576
3476488,37375,3576
3476488,37701,3576
3476488,37858,3576
3476488,38102,3576
3476488,38174,3576
3476488,38703,3576
3476488,39277,3576
3476488,39717,3576
3476488,39823,3576
3476488,39927,3576
3476488,40561,3576
3476488,40597,3577
3476488,40762,3577
3476488,40989,3577
3476488,41457,3577
3476488,41571,3577
3476488,41832,3577
3476488,42185,3577
3476488,42240,3577
3476488,43253,3577
3476488,43322,3577
3476488,43957,3577
3476488,44064,3577
3476488,46561,3577
3476488,47314,3577
3476488,47786,3577
3476488,48348,3577
3476488,48457,3577
3476488,49330,3577
3476488,49481,3577
3476488,49843,3577
3476488,51520,3577
3476488,51953,3577
3476488,52020,3577
3476488,52517,3577
3476488,53346,3577
3476488,53398,3577
3476488,53568,3577
3476488,53884,3577
3476488,53976,3577
3476488,54250,3577
3476488,54592,3577
3476488,54657,3577
3476488,54696,3577
3476488,54755,3577
3476488,54817,3577
3476488,55069,3577
3476488,55485,3577
3476488,55883,3577
3476488,55962,3577
3476488,56189,3577
3476488,56293,3577
3476488,56544,3577
3476488,56812,3577
3476488,57434,3577
3476488,58555,3577
3476488,59107,3577
3476488,59377,3577
3476488,59963,3577
3476488,60339,3577
3476488,60772,3577
3476488,61691,3577
3476488,61786,3577
3476488,62786,3577
3476488,62895,3577
3476488,63593,3577
3476488,63601,3577
3476488,64516,3577
3476488,64525,3577
3476488,65029,3577
3476488,65514,3577
3476488,65518,3577
3476488,66617,3577
3476488,67392,3577
3476488,67580,3577
3476488,67706,3577
3476488,67738,3577
3476488,69811,3578
3476488,69872,3578
3476488,70665,3578
3476488,71225,3578
3476488,71412,3578
3476488,72040,3578
3476488,72146,3578
3476488,72303,3578
3476488,72719,3578
3476488,73059,3578
3476488,73372,3578
3476488,74561,3578
3476488,74838,3578
3476488,75309,3578
3476488,75527,3578
3476488,75542,3578
3476488,75949,3578
3476488,76334,3578
3476488,76476,3578
3476488,76480,3578
3476488,77225,3578
3476488,77691,3578
3476488,78988,3578
3476488,79351,3578
3476488,79356,3578
3476488,80224,3578
3476488,80611,3578
3476488,81001,3578
3476488,81071,3578
3476488,81319,3578
3476488,81881,3578
3476488,82782,3578
3476488,82899,3578
3476488,83237,3578
3476488,84482,3578
3476488,84729,3578
3476488,84937,3578
3476488,85256,3578
3476488,87128,3578
3476488,87138,3578
3476488,87398,3578
3476488,87596,3578
3476488,87636,3578
3476488,87958,3578
3476488,88212,3578
3476488,88553,3578
3476488,88574,3578
3476488,89811,3578
3476488,89887,3578
3476488,90527,3578
3476488,90623,3578
3476488,90721,3578
3476488,90777,3578
3476488,90927,3578
3476488,91036,3578
3476488,91113,3578
3476488,91929,3578
3476488,92185,3578
3476488,92693,3578
3476488,92860,3578
3476488,93409,3578
3476488,93991,3578
3476488,94291,3578
3476488,94382,3578
3476488,94613,3578
3476488,94830,3578
3476488,94887,3579
3476488,95745,3579
3476488,96410,3579
3476488,96743,3579
3476488,96945,3579
3476488,97264,3579
3476488,97758,3579
3476488,97760,3579
3476488,98150,3579
3476488,98553,3579
3476488,99374,3579
3476488,99633,3579
leaf655.txt
