leaf
2556728,100004,443
2556728,105573,443
2556728,106638,443
2556728,109261,443
2556728,115846,443
2556728,116138,443
2556728,121132,443
2556728,122958,443
2556728,124106,443
2556728,126872,443
2556728,134226,443
2556728,135371,443
2556728,140781,443
2556728,141428,443
2556728,145304,443
2556943,7975,442
2556943,21971,442
2556943,27466,442
2556943,33647,442
2556943,45568,442
2556943,53482,442
2556943,62661,442
2556943,69285,442
2556943,75929,442
2556943,87463,442
2556943,94928,442
2556943,96413,442
2556943,97366,442
2556943,104081,442
2556943,104521,442
2556943,110703,442
2556943,125574,442
2556943,130316,442
2556943,130771,442
2556943,132527,442
2556943,134475,442
2556943,142728,442
2557638,1563,444
2557638,7603,444
2557638,14068,444
2557638,18389,444
2557638,22925,444
2557638,26197,444
2557638,27607,444
2557638,48112,444
2557638,52017,444
2557638,52541,444
2557638,60513,444
2557638,62407,444
2557638,69542,444
2557638,77260,444
2557638,78366,444
2557638,81522,444
2557638,103494,444
2557638,107969,444
2557638,111234,444
2557638,119945,444
2557638,125440,444
2557638,127215,444
2557638,129560,444
2557638,136765,444
2557638,142430,444
2557638,142872,445
2557638,147051,445
2557638,148000,445
2557798,2355,445
2557798,7101,445
2557798,8799,445
2557798,15094,445
2557798,18641,445
2557798,21083,445
2557798,26780,445
2557798,31238,445
2557798,31787,445
2557798,32222,445
2557798,32594,445
2557798,34483,445
2557798,35267,445
2557798,35442,445
2557798,35885,445
2557798,38930,445
2557798,39117,445
2557798,40743,445
2557798,44291,445
2557798,48598,445
2557798,52197,445
2557798,52434,445
2557798,56066,445
2557798,58261,445
2557798,59422,445
2557798,65291,445
2557798,66552,445
2557798,66682,445
2557798,78765,445
2557798,79833,445
2557798,81885,445
2557798,83499,445
2557798,88506,445
2557798,93839,445
2557798,95361,445
2557798,95423,445
2557798,96521,445
2557798,100598,445
2557798,110886,445
2557798,111374,445
2557798,112698,445
2557798,115057,445
2557798,115683,445
2557798,115839,445
2557798,128796,445
2557798,128958,445
2557798,133238,445
2557798,134575,445
2557798,134779,445
2557798,138697,445
2557798,139440,445
2557798,140976,445
2557798,142127,445
2558157,4793,446
2558157,19981,446
2558157,20972,446
2558157,21052,446
2558157,26270,446
2558157,34604,446
2558157,40279,446
2558157,53630,446
2558157,59675,446
2558157,77672,446
2558157,78319,446
2558157,82509,446
2558157,94383,446
2558157,110601,446
2558157,116906,446
2558157,121879,446
2558157,123175,446
2558157,125742,446
2558157,131176,446
2558157,132162,446
2558157,133428,446
2558157,138156,446
2558157,143539,446
2558157,145468,446
2558822,17188,445
2558822,17512,445
2558822,22413,445
2558822,24976,445
2558822,27020,445
2558822,27208,445
2558822,30146,445
2558822,32988,445
2558822,33442,445
2558822,35042,445
2558822,35487,446
2558822,38670,446
2558822,38805,446
2558822,45159,446
2558822,50738,446
2558822,51704,446
2558822,54473,446
2558822,58784,446
2558822,65176,446
2558822,71199,446
2558822,89048,446
2558822,91627,446
2558822,93510,446
2558822,95469,446
2558822,104739,446
2558822,109328,446
2558822,118648,446
2558822,118805,446
2558822,123340,446
2558822,123785,446
2558822,127802,446
2558822,134808,446
2558822,135318,446
2558822,143385,446
2558822,149110,446
2558971,2947,446
2558971,3744,446
2558971,20854,446
2558971,22209,446
2558971,38801,446
2558971,40150,446
2558971,46041,446
2558971,47568,446
2558971,50737,446
2558971,59970,446
2558971,61606,446
2558971,75863,446
2558971,80937,446
2558971,88108,446
2558971,88903,446
2558971,93847,446
2558971,97385,446
2558971,106915,447
2558971,108247,447
2558971,109031,447
2558971,125793,447
2558971,131194,447
2558971,136260,447
2558971,138441,447
2558971,147412,447
2558971,147920,447
2559089,5535,452
2559089,6879,452
2559089,8789,452
2559089,11221,452
2559089,13327,452
2559089,14878,452
2559089,20716,452
2559089,21680,452
2559089,23119,452
2559089,25717,452
2559089,26258,452
2559089,28472,452
2559089,28815,452
2559089,33497,452
2559089,40311,452
2559089,40815,453
2559089,41719,453
2559089,43268,453
2559089,43327,453
2559089,46020,453
2559089,46118,453
2559089,46701,453
2559089,46706,453
2559089,47408,453
2559089,48383,453
2559089,49733,453
2559089,50214,453
2559089,52203,453
2559089,55463,453
2559089,57333,453
2559089,57495,453
2559089,58488,453
2559089,58679,453
2559089,61863,453
2559089,68441,453
2559089,71991,453
2559089,74446,453
2559089,74571,453
2559089,75361,453
2559089,75387,453
2559089,77030,453
2559089,80961,453
2559089,82038,453
2559089,83760,453
2559089,83877,453
2559089,86519,453
2559089,87875,453
2559089,89909,453
2559089,91706,453
2559089,91780,453
2559089,92187,453
2559089,92414,453
2559089,93318,453
2559089,93570,453
2559089,94812,453
2559089,104016,453
2559089,104205,453
2559089,112637,453
2559089,113081,453
2559089,114177,453
2559089,114753,453
2559089,116581,453
2559089,116715,453
2559089,118398,453
2559089,120233,453
2559089,120249,453
2559089,125381,453
2559089,125675,453
2559089,131208,453
2559089,133086,453
2559089,133411,453
2559089,139178,453
2559089,139309,453
2559089,139620,453
2559089,140047,453
2559089,140116,453
2559089,140385,453
2559089,142894,453
2559089,143468,453
2559089,144192,453
2559089,144451,453
2559089,145221,454
2559368,296,451
2559368,3342,451
2559368,5356,451
2559368,7645,452
2559368,8766,452
2559368,8994,452
2559368,9342,452
2559368,12579,452
2559368,14302,452
2559368,14643,452
2559368,16842,452
2559368,17070,452
2559368,24188,452
2559368,32344,452
2559368,36344,452
2559368,36532,452
2559368,38054,452
2559368,38867,452
2559368,49061,452
2559368,52126,452
2559368,55391,452
2559368,55973,452
2559368,58636,452
2559368,61404,452
2559368,70882,452
2559368,71133,452
2559368,75120,452
2559368,79693,452
2559368,80769,452
2559368,83118,452
2559368,83343,452
2559368,87747,452
2559368,90696,452
2559368,91853,452
2559368,95274,452
2559368,95387,452
2559368,99388,452
2559368,100092,452
2559368,106675,452
2559368,107432,452
2559368,107839,452
2559368,109557,452
2559368,111092,452
2559368,118783,452
2559368,118960,452
2559368,123999,452
2559368,131546,452
2559368,137583,452
2559368,139138,452
2559368,139954,452
2559368,140696,452
2559368,144841,452
2559368,148676,452
2559368,149092,452
2559618,120,447
2559618,2854,447
2559618,3736,447
2559618,4587,447
2559618,4719,447
2559618,5046,447
2559618,5433,447
2559618,5929,447
2559618,7108,447
2559618,7693,447
2559618,8857,447
2559618,8912,447
2559618,9726,447
2559618,10412,447
2559618,10589,447
2559618,12970,447
2559618,13347,447
2559618,16053,447
2559618,16086,447
2559618,16145,447
2559618,16675,447
2559618,18764,447
leaf83.txt
