leaf
2813416,100672,1228
2813416,101404,1228
2813416,103367,1228
2813416,103955,1228
2813416,105734,1228
2813416,107365,1228
2813416,109689,1228
2813416,111175,1228
2813416,121602,1228
2813416,128092,1228
2813416,130481,1228
2813416,136140,1228
2813416,143932,1228
2813416,145598,1228
2813416,148199,1228
2813881,4216,1226
2813881,5616,1226
2813881,9475,1226
2813881,11027,1226
2813881,12782,1226
2813881,13634,1226
2813881,15317,1226
2813881,17632,1226
2813881,19711,1226
2813881,21098,1226
2813881,25418,1226
2813881,27940,1226
2813881,29450,1226
2813881,29584,1226
2813881,30564,1226
2813881,31584,1226
2813881,32182,1226
2813881,44628,1226
2813881,48662,1226
2813881,52253,1226
2813881,54910,1226
2813881,57918,1226
2813881,58344,1226
2813881,61963,1226
2813881,62071,1226
2813881,64415,1226
2813881,66299,1226
2813881,66323,1226
2813881,67876,1226
2813881,70546,1226
2813881,73555,1226
2813881,78847,1226
2813881,79364,1226
2813881,79417,1226
2813881,79795,1226
2813881,81514,1226
2813881,82265,1226
2813881,82617,1226
2813881,84075,1226
2813881,87133,1226
2813881,88047,1226
2813881,88157,1226
2813881,89416,1226
2813881,92430,1226
2813881,94051,1226
2813881,96102,1226
2813881,99564,1226
2813881,100258,1227
2813881,102991,1227
2813881,103335,1227
2813881,103846,1227
2813881,104295,1227
2813881,106204,1227
2813881,106772,1227
2813881,108069,1227
2813881,108618,1227
2813881,110596,1227
2813881,111184,1227
2813881,114487,1227
2813881,117399,1227
2813881,118632,1227
2813881,118941,1227
2813881,126112,1227
2813881,127832,1227
2813881,129997,1227
2813881,132909,1227
2813881,134479,1227
2813881,136672,1227
2813881,136697,1227
2813881,137678,1227
2813881,138547,1227
2813881,141354,1227
2813881,142519,1227
2813881,143023,1227
2813881,145263,1227
2813881,145816,1227
2813881,146847,1227
2813881,147522,1227
2813881,147598,1227
2813963,2912,1225
2813963,3699,1225
2813963,6584,1225
2813963,14809,1225
2813963,16349,1225
2813963,18676,1225
2813963,20627,1225
2813963,23633,1225
2813963,27666,1225
2813963,27741,1225
2813963,29306,1225
2813963,33368,1225
2813963,42295,1225
2813963,46920,1225
2813963,50445,1225
2813963,54738,1225
2813963,57536,1225
2813963,75113,1225
2813963,78492,1225
2813963,81588,1225
2813963,83528,1225
2813963,89141,1225
2813963,90999,1225
2813963,92262,1225
2813963,92816,1225
2813963,94608,1225
2813963,102466,1225
2813963,108852,1226
2813963,109198,1226
2813963,113117,1226
2813963,113764,1226
2813963,113981,1226
2813963,114159,1226
2813963,114464,1226
2813963,115740,1226
2813963,117475,1226
2813963,117717,1226
2813963,120329,1226
2813963,121286,1226
2813963,121621,1226
2813963,123563,1226
2813963,125807,1226
2813963,129543,1226
2813963,131789,1226
2813963,135825,1226
2813963,136425,1226
2814020,1238,1234
2814020,1645,1234
2814020,4009,1234
2814020,5020,1234
2814020,5161,1234
2814020,5643,1234
2814020,6603,1234
2814020,6793,1234
2814020,6835,1234
2814020,9633,1234
2814020,10594,1234
2814020,13343,1234
2814020,15891,1234
2814020,18371,1234
2814020,19409,1234
2814020,22971,1234
2814020,24991,1234
2814020,26070,1234
2814020,28945,1234
2814020,29411,1234
2814020,30763,1234
2814020,30986,1234
2814020,32646,1234
2814020,34936,1234
2814020,35161,1234
2814020,35723,1234
2814020,43174,1234
2814020,45541,1234
2814020,45854,1235
2814020,46518,1235
2814020,49872,1235
2814020,49946,1235
2814020,55094,1235
2814020,58348,1235
2814020,58540,1235
2814020,58592,1235
2814020,60730,1235
2814020,61591,1235
2814020,62605,1235
2814020,62885,1235
2814020,65070,1235
2814020,67067,1235
2814020,67302,1235
2814020,69777,1235
2814020,74447,1235
2814020,77387,1235
2814020,77660,1235
2814020,80148,1235
2814020,81770,1235
2814020,82846,1235
2814020,84149,1235
2814020,85144,1235
2814020,86131,1235
2814020,86275,1235
2814020,93706,1235
2814020,99189,1235
2814020,99372,1235
2814020,99734,1235
2814020,99914,1235
2814020,101317,1235
2814020,103378,1235
2814020,104029,1235
2814020,107006,1235
2814020,108056,1235
2814020,112137,1235
2814020,112487,1235
2814020,114738,1235
2814020,120835,1235
2814020,120956,1235
2814020,123129,1235
2814020,124690,1235
2814020,125045,1235
2814020,126033,1235
2814020,126917,1235
2814020,127926,1235
2814020,130714,1235
2814020,132337,1235
2814020,132452,1235
2814020,135140,1235
2814020,136297,1235
2814020,138352,1235
2814020,140627,1235
2814020,141139,1235
2814020,141187,1235
2814020,142860,1235
2814020,143463,1235
2814020,144300,1235
2814020,146123,1235
2814020,146131,1235
2814065,1771,1231
2814065,2734,1231
2814065,6897,1231
2814065,7030,1231
2814065,7401,1231
2814065,8406,1231
2814065,9689,1231
2814065,13600,1231
2814065,14636,1231
2814065,15394,1231
2814065,16272,1231
2814065,18642,1231
2814065,19483,1231
2814065,21631,1231
2814065,21980,1231
2814065,21983,1231
2814065,22739,1231
2814065,22916,1231
2814065,24685,1231
2814065,25521,1231
2814065,27448,1231
2814065,28386,1231
2814065,28695,1231
2814065,30422,1231
2814065,30543,1231
2814065,30919,1231
2814065,31984,1231
2814065,33926,1231
2814065,34367,1231
2814065,35631,1231
2814065,36645,1231
2814065,37228,1231
2814065,37236,1231
2814065,37503,1231
2814065,37958,1231
2814065,38798,1231
2814065,41538,1231
2814065,42363,1231
2814065,42462,1231
2814065,43065,1231
2814065,43719,1231
2814065,45269,1231
2814065,45994,1231
2814065,46018,1231
2814065,46566,1231
2814065,48395,1231
2814065,50780,1231
2814065,53265,1231
2814065,53532,1231
2814065,53540,1231
2814065,53959,1231
2814065,56742,1231
2814065,59587,1231
2814065,61882,1231
2814065,63895,1231
2814065,67942,1231
2814065,68277,1232
2814065,68342,1232
2814065,69590,1232
2814065,70739,1232
2814065,73658,1232
2814065,73733,1232
2814065,75815,1232
2814065,77009,1232
2814065,79077,1232
2814065,81461,1232
2814065,82631,1232
2814065,85164,1232
2814065,85234,1232
2814065,85721,1232
2814065,85952,1232
2814065,86991,1232
2814065,87167,1232
2814065,88452,1232
2814065,91315,1232
2814065,92450,1232
2814065,93503,1232
2814065,94195,1232
2814065,96608,1232
2814065,97504,1232
2814065,103304,1232
2814065,104059,1232
2814065,104189,1232
2814065,108340,1232
2814065,110827,1232
2814065,111496,1232
2814065,113264,1232
2814065,117721,1232
2814065,118350,1232
2814065,120929,1232
2814065,122278,1232
2814065,124526,1232
2814065,125999,1232
2814065,126908,1232
2814065,127155,1232
2814065,131996,1232
2814065,132461,1232
2814065,133786,1232
2814065,135697,1232
2814065,136323,1232
2814065,140171,1232
2814065,140333,1232
2814065,140646,1232
2814065,140765,1232
2814065,143130,1232
2814065,143542,1232
2814065,143594,1232
2814065,145794,1232
2814065,145948,1232
2814065,148859,1232
2814065,148909,1232
2814090,3679,1230
2814090,4064,1230
2814090,6632,1230
2814090,8088,1230
2814090,10376,1230
2814090,13369,1230
2814090,13624,1230
2814090,14626,1230
2814090,14877,1230
2814090,20104,1230
2814090,22595,1230
2814090,22841,1230
2814090,22857,1230
2814090,26304,1230
2814090,26479,1230
2814090,33807,1230
2814090,34240,1230
2814090,37909,1230
2814090,38912,1230
2814090,41140,1230
2814090,41515,1230
leaf226.txt
