leaf
3260103,106194,2522
3260103,106289,2522
3260103,107505,2522
3260103,108519,2522
3260103,109153,2522
3260103,109835,2522
3260103,109976,2522
3260103,110257,2522
3260103,110317,2522
3260103,111739,2522
3260103,112142,2522
3260103,112523,2522
3260103,112671,2522
3260103,112742,2522
3260103,115261,2522
3260103,116017,2522
3260103,117703,2522
3260103,118209,2522
3260103,118499,2522
3260103,119441,2522
3260103,120777,2522
3260103,121013,2522
3260103,121098,2522
3260103,121680,2522
3260103,121767,2522
3260103,122561,2522
3260103,123192,2522
3260103,123470,2522
3260103,124952,2522
3260103,127276,2522
3260103,128513,2523
3260103,128724,2523
3260103,130134,2523
3260103,130273,2523
3260103,130323,2523
3260103,130712,2523
3260103,131232,2523
3260103,131508,2523
3260103,132844,2523
3260103,133636,2523
3260103,134153,2523
3260103,134851,2523
3260103,135258,2523
3260103,135862,2523
3260103,135928,2523
3260103,136026,2523
3260103,138311,2523
3260103,139735,2523
3260103,140035,2523
3260103,143224,2523
3260103,143550,2523
3260103,143681,2523
3260103,144310,2523
3260103,145168,2523
3260103,146729,2523
3260103,147947,2523
3260575,1327,2523
3260575,9969,2523
3260575,11005,2523
3260575,15687,2523
3260575,16766,2523
3260575,20163,2523
3260575,21444,2523
3260575,22843,2523
3260575,24779,2523
3260575,26048,2523
3260575,28066,2523
3260575,33740,2523
3260575,33753,2523
3260575,34152,2523
3260575,37826,2523
3260575,37902,2523
3260575,40269,2523
3260575,43949,2523
3260575,49138,2523
3260575,51290,2523
3260575,52254,2523
3260575,53444,2523
3260575,67316,2523
3260575,70272,2523
3260575,78957,2523
3260575,80949,2523
3260575,84816,2523
3260575,85929,2523
3260575,87234,2523
3260575,90601,2523
3260575,97858,2523
3260575,108295,2523
3260575,112494,2523
3260575,115920,2523
3260575,116984,2523
3260575,117021,2523
3260575,120102,2523
3260575,131200,2523
3260575,137806,2523
3260575,140855,2523
3260575,148938,2524
3260575,149216,2524
3261512,10020,2527
3261512,22629,2527
3261512,42195,2527
3261512,43449,2527
3261512,50118,2527
3261512,75577,2527
3261512,86181,2527
3261512,113847,2527
3261512,114400,2527
3261512,141959,2527
3261512,142286,2527
3261512,143844,2527
3261512,145176,2527
3261798,89,2524
3261798,1260,2524
3261798,2210,2524
3261798,2275,2524
3261798,2851,2524
3261798,3561,2524
3261798,3959,2524
3261798,4320,2524
3261798,5252,2524
3261798,5850,2524
3261798,7022,2524
3261798,7185,2524
3261798,8327,2524
3261798,8766,2524
3261798,8781,2524
3261798,9070,2524
3261798,9848,2524
3261798,10383,2524
3261798,10860,2524
3261798,11359,2524
3261798,12441,2524
3261798,12799,2524
3261798,13617,2524
3261798,14260,2524
3261798,14407,2524
3261798,15051,2524
3261798,16683,2524
3261798,16792,2524
3261798,17369,2524
3261798,17543,2524
3261798,17822,2524
3261798,19474,2524
3261798,19604,2524
3261798,20149,2524
3261798,20727,2524
3261798,20760,2524
3261798,20776,2524
3261798,20861,2524
3261798,21174,2524
3261798,21176,2524
3261798,25187,2524
3261798,27660,2524
3261798,29103,2524
3261798,30269,2524
3261798,30910,2524
3261798,31106,2524
3261798,31188,2524
3261798,31202,2524
3261798,31417,2524
3261798,31777,2524
3261798,31948,2524
3261798,32011,2524
3261798,32912,2524
3261798,34374,2524
3261798,35595,2524
3261798,35937,2524
3261798,36583,2524
3261798,37243,2524
3261798,38396,2524
3261798,38542,2524
3261798,38904,2524
3261798,39676,2524
3261798,40411,2524
3261798,40468,2524
3261798,40629,2525
3261798,40810,2525
3261798,41085,2525
3261798,41135,2525
3261798,41700,2525
3261798,42832,2525
3261798,44740,2525
3261798,45923,2525
3261798,45979,2525
3261798,46171,2525
3261798,46782,2525
3261798,47710,2525
3261798,48679,2525
3261798,48904,2525
3261798,49163,2525
3261798,49825,2525
3261798,50148,2525
3261798,50982,2525
3261798,51002,2525
3261798,52860,2525
3261798,53054,2525
3261798,53189,2525
3261798,54655,2525
3261798,54987,2525
3261798,55702,2525
3261798,56237,2525
3261798,56894,2525
3261798,57484,2525
3261798,57803,2525
3261798,59539,2525
3261798,59802,2525
3261798,60109,2525
3261798,60110,2525
3261798,60431,2525
3261798,61112,2525
3261798,61262,2525
3261798,62239,2525
3261798,63887,2525
3261798,64375,2525
3261798,64962,2525
3261798,65756,2525
3261798,66640,2525
3261798,69044,2525
3261798,69614,2525
3261798,70620,2525
3261798,71681,2525
3261798,72781,2525
3261798,72857,2525
3261798,73097,2525
3261798,73205,2525
3261798,73539,2525
3261798,74048,2525
3261798,74909,2525
3261798,75699,2525
3261798,77181,2525
3261798,77221,2525
3261798,77265,2525
3261798,77668,2525
3261798,78308,2525
3261798,79345,2525
3261798,79973,2525
3261798,80381,2525
3261798,81520,2525
3261798,82957,2525
3261798,83864,2525
3261798,84396,2525
3261798,84508,2526
3261798,85512,2526
3261798,86166,2526
3261798,86279,2526
3261798,88038,2526
3261798,88156,2526
3261798,88361,2526
3261798,89655,2526
3261798,90067,2526
3261798,90101,2526
3261798,91015,2526
3261798,92022,2526
3261798,92117,2526
3261798,92309,2526
3261798,93444,2526
3261798,93961,2526
3261798,94037,2526
3261798,95777,2526
3261798,96833,2526
3261798,97046,2526
3261798,97441,2526
3261798,97534,2526
3261798,97822,2526
3261798,98306,2526
3261798,98509,2526
3261798,98512,2526
3261798,98644,2526
3261798,99016,2526
3261798,99397,2526
3261798,100780,2526
3261798,101596,2526
3261798,101906,2526
3261798,102728,2526
3261798,102989,2526
3261798,103162,2526
3261798,103963,2526
3261798,104460,2526
3261798,104924,2526
3261798,105739,2526
3261798,105751,2526
3261798,106218,2526
3261798,107176,2526
3261798,109755,2526
3261798,110794,2526
3261798,112654,2526
3261798,112837,2526
3261798,112872,2526
3261798,113274,2526
3261798,116359,2526
3261798,117690,2526
3261798,117992,2526
3261798,118322,2526
3261798,118567,2526
3261798,119119,2526
3261798,120157,2526
3261798,120205,2526
3261798,120352,2526
3261798,121790,2526
3261798,122974,2526
3261798,123266,2526
3261798,123377,2526
3261798,123434,2526
3261798,124153,2526
3261798,124346,2526
3261798,124701,2526
3261798,126177,2526
3261798,126529,2527
3261798,126589,2527
3261798,126821,2527
3261798,127267,2527
3261798,128580,2527
3261798,129101,2527
3261798,131070,2527
3261798,131569,2527
3261798,133511,2527
3261798,133639,2527
3261798,134002,2527
3261798,134798,2527
3261798,134922,2527
3261798,136320,2527
3261798,136594,2527
3261798,137117,2527
3261798,138372,2527
3261798,139320,2527
3261798,140049,2527
3261798,141938,2527
3261798,142153,2527
3261798,142402,2527
3261798,142546,2527
3261798,142668,2527
3261798,144438,2527
3261798,144555,2527
3261798,145402,2527
3261798,146644,2527
3261798,146844,2527
3261798,146996,2527
3261798,148886,2527
3262382,5713,2527
3262382,6673,2527
3262382,8766,2527
3262382,23804,2527
3262382,24958,2527
3262382,33786,2527
3262382,36699,2527
3262382,48411,2527
3262382,48423,2527
3262382,111291,2527
3262382,114180,2527
3262382,136839,2527
3262382,148679,2527
3266004,3983,2529
3266004,7518,2529
3266004,8630,2529
3266004,13105,2529
3266004,17081,2529
3266004,19904,2529
3266004,27868,2529
3266004,28860,2529
3266004,29833,2529
3266004,37478,2529
leaf463.txt
