leaf
2536782,139870,375
2536782,140456,375
2536782,146488,375
2536782,146976,375
2536782,149072,375
2536799,3348,372
2536799,3363,372
2536799,3618,372
2536799,4086,372
2536799,7283,372
2536799,7750,372
2536799,11667,372
2536799,11823,372
2536799,14037,372
2536799,16056,372
2536799,21771,372
2536799,31742,372
2536799,39040,372
2536799,45076,372
2536799,45279,372
2536799,45858,372
2536799,46059,372
2536799,47722,372
2536799,47996,372
2536799,53789,372
2536799,54190,372
2536799,54254,372
2536799,57774,372
2536799,59080,372
2536799,59334,372
2536799,60678,372
2536799,63059,372
2536799,64334,372
2536799,66171,372
2536799,70083,372
2536799,70171,372
2536799,71332,372
2536799,71443,372
2536799,72128,372
2536799,73430,372
2536799,74121,372
2536799,79922,372
2536799,82557,372
2536799,83223,372
2536799,87868,372
2536799,89628,372
2536799,93391,372
2536799,95043,372
2536799,97397,372
2536799,98759,372
2536799,100010,372
2536799,102746,372
2536799,105581,372
2536799,109014,372
2536799,109069,372
2536799,111368,372
2536799,114322,372
2536799,114927,372
2536799,123686,372
2536799,123732,372
2536799,125820,372
2536799,126048,372
2536799,129569,372
2536799,130520,372
2536799,142897,372
2536865,2023,365
2536865,11201,365
2536865,27769,365
2536865,32269,365
2536865,35061,365
2536865,39466,365
2536865,40220,365
2536865,42252,365
2536865,42255,365
2536865,45028,365
2536865,55178,365
2536865,58951,365
2536865,72318,365
2536865,73725,365
2536865,83773,365
2536865,85860,365
2536865,89888,365
2536865,92608,365
2536865,99268,365
2536865,102690,365
2536865,119611,365
2536865,129132,365
2536884,9988,371
2536884,14851,371
2536884,20872,371
2536884,24267,371
2536884,28483,371
2536884,34865,371
2536884,44205,371
2536884,47045,371
2536884,47702,371
2536884,60492,371
2536884,61552,371
2536884,70795,371
2536884,70907,371
2536884,74959,371
2536884,77595,371
2536884,80011,371
2536884,82422,371
2536884,96420,371
2536884,103724,371
2536884,105182,371
2536884,108234,371
2536884,117402,371
2536884,119043,371
2536884,119430,371
2536884,124533,371
2536884,126577,371
2536884,126760,371
2536884,129874,371
2536884,133112,372
2536884,133614,372
2536884,142067,372
2536884,145660,372
2536884,146101,372
2536885,9187,376
2536885,9988,376
2536885,14851,376
2536885,20872,376
2536885,24267,376
2536885,25981,376
2536885,28483,376
2536885,33164,376
2536885,44205,376
2536885,47045,376
2536885,47702,376
2536885,70795,376
2536885,70907,376
2536885,74959,376
2536885,77595,376
2536885,80011,376
2536885,82422,376
2536885,85557,376
2536885,96420,376
2536885,103724,376
2536885,105182,376
2536885,112872,376
2536885,119430,376
2536885,126577,376
2536885,126760,376
2536885,129874,376
2536885,133112,376
2536885,142067,376
2536885,145660,376
2536885,146101,376
2536885,148421,376
2536897,4124,369
2536897,7789,369
2536897,8131,369
2536897,14815,369
2536897,15303,369
2536897,18331,369
2536897,18514,369
2536897,18895,369
2536897,19722,369
2536897,22399,369
2536897,31039,369
2536897,32346,369
2536897,36182,369
2536897,37443,369
2536897,38704,369
2536897,39580,369
2536897,39735,369
2536897,40439,369
2536897,40953,369
2536897,43148,369
2536897,48158,369
2536897,48716,369
2536897,50762,369
2536897,52086,369
2536897,52153,369
2536897,53392,370
2536897,53570,370
2536897,54106,370
2536897,64098,370
2536897,65579,370
2536897,65722,370
2536897,70695,370
2536897,71566,370
2536897,75983,370
2536897,76419,370
2536897,77429,370
2536897,81355,370
2536897,82690,370
2536897,83949,370
2536897,85979,370
2536897,87299,370
2536897,88756,370
2536897,91086,370
2536897,95330,370
2536897,97932,370
2536897,101387,370
2536897,106184,370
2536897,107468,370
2536897,109257,370
2536897,109827,370
2536897,109960,370
2536897,111332,370
2536897,111557,370
2536897,111791,370
2536897,112442,370
2536897,115945,370
2536897,116773,370
2536897,116783,370
2536897,117117,370
2536897,122287,370
2536897,127476,370
2536897,127502,370
2536897,130636,370
2536897,131449,370
2536897,132529,370
2536897,132587,370
2536897,133135,370
2536897,134711,370
2536897,134971,370
2536897,136565,370
2536897,141323,370
2536897,143774,370
2536897,144543,370
2536897,145206,370
2536897,147600,370
2536897,149080,370
2536903,13165,372
2536903,13997,373
2536903,14851,373
2536903,16942,373
2536903,19814,373
2536903,20643,373
2536903,22719,373
2536903,31892,373
2536903,34473,373
2536903,35631,373
2536903,36670,373
2536903,65522,373
2536903,78517,373
2536903,105182,373
2536903,108623,373
2536903,117402,373
2536903,118856,373
2536903,126760,373
2536903,128725,373
2536903,130043,373
2536903,131546,373
2536903,132721,373
2536934,2535,376
2536934,2666,376
2536934,4291,376
2536934,6069,376
2536934,6182,376
2536934,9345,376
2536934,13308,376
2536934,15132,376
2536934,16136,376
2536934,21428,376
2536934,21860,376
2536934,22416,376
2536934,22477,376
2536934,22941,376
2536934,23021,376
2536934,23539,376
2536934,26672,376
2536934,28202,376
2536934,33485,377
2536934,34439,377
2536934,39260,377
2536934,40141,377
2536934,40556,377
2536934,45068,377
2536934,46642,377
2536934,46805,377
2536934,50154,377
2536934,53495,377
2536934,54203,377
2536934,54568,377
2536934,55793,377
2536934,55860,377
2536934,56452,377
2536934,59175,377
2536934,59509,377
2536934,60646,377
2536934,62442,377
2536934,63948,377
2536934,64137,377
2536934,65435,377
2536934,66956,377
2536934,67680,377
2536934,68099,377
2536934,70445,377
2536934,72414,377
2536934,72780,377
2536934,76012,377
2536934,76092,377
2536934,76534,377
2536934,76886,377
2536934,77166,377
2536934,80145,377
2536934,85085,377
2536934,89279,377
2536934,89961,377
2536934,90370,377
2536934,91396,377
2536934,92108,377
2536934,92277,377
2536934,93100,377
2536934,93525,377
2536934,93875,377
2536934,94184,377
2536934,94358,377
2536934,95105,377
2536934,95192,377
2536934,95862,377
2536934,103103,377
2536934,103700,377
2536934,106511,377
2536934,107762,377
2536934,110490,377
2536934,112676,377
2536934,113416,377
2536934,114773,377
2536934,117530,377
2536934,118548,377
2536934,119054,377
2536934,120177,377
2536934,120796,377
2536934,121853,377
2536934,121963,377
2536934,122162,377
2536934,124878,377
2536934,126234,378
2536934,126384,378
2536934,126414,378
2536934,128062,378
2536934,128093,378
2536934,129335,378
2536934,130337,378
2536934,135345,378
2536934,137332,378
2536934,137461,378
2536934,137538,378
2536934,138160,378
2536934,144171,378
2536934,149007,378
2537144,3150,379
2537144,6582,379
2537144,8543,379
2537144,15709,379
2537144,19698,379
2537144,24100,379
2537144,42338,379
2537144,43113,379
2537144,50668,379
2537144,53521,379
2537144,55912,379
2537144,58294,379
2537144,58931,379
2537144,59440,379
leaf70.txt
