leaf
3593379,132350,3949
3593379,132947,3949
3593379,137745,3949
3593379,138145,3949
3593379,140563,3949
3593379,140657,3949
3593379,142867,3949
3593379,145307,3949
3594177,2669,3950
3594177,3771,3950
3594177,5721,3950
3594177,5955,3950
3594177,6079,3950
3594177,7408,3950
3594177,7428,3950
3594177,11845,3950
3594177,15098,3950
3594177,17648,3950
3594177,18621,3950
3594177,28303,3950
3594177,30585,3950
3594177,33060,3950
3594177,35761,3950
3594177,38900,3950
3594177,40515,3950
3594177,47852,3950
3594177,48547,3950
3594177,49068,3950
3594177,51719,3950
3594177,52404,3950
3594177,56127,3950
3594177,62719,3950
3594177,64753,3950
3594177,68231,3950
3594177,70202,3950
3594177,70334,3950
3594177,71405,3950
3594177,72797,3950
3594177,74207,3950
3594177,80159,3950
3594177,82630,3950
3594177,82806,3950
3594177,86421,3950
3594177,91288,3950
3594177,98850,3950
3594177,101628,3950
3594177,103829,3950
3594177,108682,3950
3594177,115181,3950
3594177,116680,3950
3594177,120388,3950
3594177,121685,3950
3594177,123463,3950
3594177,130333,3950
3594177,137207,3950
3594177,137329,3950
3595161,1964,3950
3595161,4243,3951
3595161,4271,3951
3595161,4852,3951
3595161,11299,3951
3595161,15788,3951
3595161,16044,3951
3595161,17735,3951
3595161,26465,3951
3595161,28062,3951
3595161,31181,3951
3595161,35095,3951
3595161,38018,3951
3595161,38366,3951
3595161,42933,3951
3595161,43274,3951
3595161,44114,3951
3595161,47654,3951
3595161,53667,3951
3595161,54307,3951
3595161,65535,3951
3595161,65853,3951
3595161,67395,3951
3595161,68956,3951
3595161,70220,3951
3595161,72059,3951
3595161,73719,3951
3595161,75066,3951
3595161,75631,3951
3595161,87976,3951
3595161,89028,3951
3595161,89291,3951
3595161,89386,3951
3595161,90837,3951
3595161,91373,3951
3595161,92797,3951
3595161,94061,3951
3595161,96278,3951
3595161,96865,3951
3595161,98600,3951
3595161,100799,3951
3595161,101216,3951
3595161,102793,3951
3595161,105855,3951
3595161,108682,3951
3595161,110920,3951
3595161,111161,3951
3595161,111170,3951
3595161,111425,3951
3595161,117009,3951
3595161,119130,3951
3595161,119596,3951
3595161,119708,3951
3595161,119753,3951
3595161,120687,3951
3595161,123335,3951
3595161,132462,3951
3595161,134786,3951
3595161,136522,3951
3595161,136636,3951
3595161,139294,3951
3595161,140939,3951
3595161,145673,3951
3595161,146926,3951
3595694,957,3955
3595694,963,3955
3595694,2213,3955
3595694,2297,3955
3595694,3018,3955
3595694,5486,3955
3595694,5888,3955
3595694,6819,3955
3595694,7474,3955
3595694,8541,3955
3595694,8620,3955
3595694,9050,3955
3595694,10204,3955
3595694,10715,3955
3595694,11475,3955
3595694,11885,3955
3595694,13369,3955
3595694,14636,3955
3595694,18503,3955
3595694,19588,3955
3595694,20414,3955
3595694,22658,3955
3595694,22803,3955
3595694,23001,3955
3595694,25284,3955
3595694,27039,3955
3595694,27485,3955
3595694,27609,3956
3595694,31342,3956
3595694,35522,3956
3595694,36377,3956
3595694,38483,3956
3595694,38503,3956
3595694,39395,3956
3595694,39486,3956
3595694,41865,3956
3595694,42070,3956
3595694,42623,3956
3595694,42941,3956
3595694,43814,3956
3595694,44162,3956
3595694,45170,3956
3595694,45659,3956
3595694,45685,3956
3595694,46450,3956
3595694,48669,3956
3595694,49121,3956
3595694,50072,3956
3595694,50587,3956
3595694,54940,3956
3595694,55614,3956
3595694,59515,3956
3595694,60468,3956
3595694,61159,3956
3595694,62584,3956
3595694,62671,3956
3595694,63053,3956
3595694,63549,3956
3595694,63982,3956
3595694,64071,3956
3595694,66485,3956
3595694,68115,3956
3595694,70474,3956
3595694,71970,3956
3595694,71988,3956
3595694,72275,3956
3595694,74963,3956
3595694,75257,3956
3595694,75662,3956
3595694,75763,3956
3595694,78390,3956
3595694,79555,3956
3595694,80494,3956
3595694,81639,3956
3595694,81852,3956
3595694,82219,3956
3595694,82610,3956
3595694,82719,3956
3595694,85120,3956
3595694,86103,3956
3595694,87683,3956
3595694,87757,3956
3595694,90039,3956
3595694,92262,3956
3595694,92750,3956
3595694,93858,3956
3595694,94997,3956
3595694,98221,3956
3595694,99163,3956
3595694,100142,3956
3595694,103911,3956
3595694,105349,3956
3595694,107984,3956
3595694,110105,3957
3595694,111436,3957
3595694,112280,3957
3595694,112548,3957
3595694,112759,3957
3595694,117020,3957
3595694,117612,3957
3595694,118304,3957
3595694,119303,3957
3595694,119693,3957
3595694,119717,3957
3595694,120186,3957
3595694,121640,3957
3595694,124651,3957
3595694,126193,3957
3595694,126626,3957
3595694,131138,3957
3595694,131914,3957
3595694,132463,3957
3595694,133125,3957
3595694,133386,3957
3595694,133389,3957
3595694,133756,3957
3595694,134310,3957
3595694,137454,3957
3595694,137456,3957
3595694,137784,3957
3595694,139830,3957
3595694,140541,3957
3595694,140604,3957
3595694,141521,3957
3595694,142809,3957
3595694,142811,3957
3595694,143940,3957
3595694,144310,3957
3595694,145390,3957
3595694,146752,3957
3595694,147204,3957
3595694,148333,3957
3595730,486,3951
3595730,700,3951
3595730,956,3951
3595730,1180,3952
3595730,1225,3952
3595730,1242,3952
3595730,1639,3952
3595730,2268,3952
3595730,3175,3952
3595730,3335,3952
3595730,3647,3952
3595730,6334,3952
3595730,6712,3952
3595730,10443,3952
3595730,11994,3952
3595730,14249,3952
3595730,15975,3952
3595730,16467,3952
3595730,17929,3952
3595730,18088,3952
3595730,18094,3952
3595730,18210,3952
3595730,18380,3952
3595730,19505,3952
3595730,21399,3952
3595730,21766,3952
3595730,22373,3952
3595730,22815,3952
3595730,23096,3952
3595730,23171,3952
3595730,23534,3952
3595730,23555,3952
3595730,24911,3952
3595730,26417,3952
3595730,27714,3952
3595730,27935,3952
3595730,28168,3952
3595730,28371,3952
3595730,30171,3952
3595730,30657,3952
3595730,31349,3952
3595730,31772,3952
3595730,32894,3952
3595730,33063,3952
3595730,34945,3952
3595730,35088,3952
3595730,35796,3952
3595730,36088,3952
3595730,36848,3952
3595730,36948,3952
3595730,37581,3952
3595730,38167,3952
3595730,39021,3952
3595730,39132,3952
3595730,40680,3952
3595730,41785,3952
3595730,41825,3952
3595730,42770,3952
3595730,42923,3952
3595730,43899,3952
3595730,44569,3952
3595730,46317,3952
3595730,46603,3952
3595730,48763,3952
3595730,48929,3952
3595730,49092,3952
3595730,49444,3952
3595730,50181,3952
3595730,50229,3952
3595730,50271,3953
3595730,51987,3953
3595730,52057,3953
3595730,52195,3953
3595730,52377,3953
3595730,54060,3953
3595730,54227,3953
3595730,54352,3953
3595730,59894,3953
3595730,60103,3953
3595730,60188,3953
3595730,60314,3953
3595730,60480,3953
3595730,62042,3953
3595730,62150,3953
3595730,63644,3953
3595730,64152,3953
3595730,64365,3953
3595730,65835,3953
3595730,65843,3953
3595730,67432,3953
3595730,68520,3953
3595730,68945,3953
3595730,69172,3953
3595730,69570,3953
3595730,70391,3953
3595730,71184,3953
3595730,71250,3953
3595730,72296,3953
3595730,72353,3953
3595730,72972,3953
3595730,73049,3953
3595730,73689,3953
3595730,75010,3953
3595730,77137,3953
3595730,77650,3953
3595730,78306,3953
3595730,78554,3953
3595730,79630,3953
3595730,79905,3953
leaf724.txt
