leaf
2998707,127033,1768
2998707,128424,1768
2998707,130226,1768
2998707,131872,1768
2998707,132605,1768
2998707,134261,1768
2998707,138949,1768
2998707,140691,1768
2998707,141808,1768
2998707,142887,1768
2998707,143430,1768
2998707,143647,1768
2998707,145130,1768
2998707,145554,1768
2998707,147132,1768
2998707,147874,1768
2998709,1335,1765
2998709,1673,1765
2998709,2578,1765
2998709,2592,1765
2998709,3241,1765
2998709,3711,1765
2998709,5528,1765
2998709,7427,1765
2998709,9707,1765
2998709,13656,1765
2998709,17994,1765
2998709,21572,1765
2998709,21866,1765
2998709,22362,1765
2998709,23167,1765
2998709,24033,1765
2998709,30419,1765
2998709,32236,1765
2998709,34354,1765
2998709,34850,1765
2998709,37580,1765
2998709,37813,1765
2998709,39664,1765
2998709,40990,1765
2998709,47957,1765
2998709,48749,1765
2998709,49177,1765
2998709,51227,1765
2998709,51849,1765
2998709,54366,1765
2998709,54840,1765
2998709,55216,1765
2998709,55411,1765
2998709,57296,1765
2998709,62682,1765
2998709,63271,1765
2998709,64538,1765
2998709,64755,1765
2998709,67902,1765
2998709,68665,1765
2998709,69507,1765
2998709,71963,1765
2998709,73865,1765
2998709,73959,1765
2998709,75516,1765
2998709,77525,1766
2998709,77675,1766
2998709,79103,1766
2998709,80087,1766
2998709,86284,1766
2998709,92290,1766
2998709,92800,1766
2998709,93225,1766
2998709,94130,1766
2998709,98072,1766
2998709,99661,1766
2998709,105223,1766
2998709,106311,1766
2998709,106365,1766
2998709,108945,1766
2998709,109578,1766
2998709,111386,1766
2998709,114187,1766
2998709,114866,1766
2998709,121935,1766
2998709,122957,1766
2998709,125582,1766
2998709,126202,1766
2998709,128424,1766
2998709,129138,1766
2998709,129741,1766
2998709,132622,1766
2998709,138469,1766
2998709,138642,1766
2998709,139804,1766
2998709,140154,1766
2998709,140623,1766
2998709,145130,1766
2998709,146138,1766
2998709,147856,1766
2998709,148652,1766
2998748,6469,1767
2998748,11099,1767
2998748,18756,1767
2998748,21581,1767
2998748,25077,1767
2998748,33644,1767
2998748,37253,1767
2998748,38450,1767
2998748,39445,1767
2998748,41775,1767
2998748,42245,1767
2998748,47938,1767
2998748,52603,1767
2998748,54726,1767
2998748,54775,1767
2998748,61317,1767
2998748,63113,1767
2998748,64367,1767
2998748,66774,1767
2998748,69836,1767
2998748,75322,1767
2998748,82540,1767
2998748,86342,1767
2998748,96850,1767
2998748,103319,1767
2998748,105080,1767
2998748,109176,1767
2998748,111321,1767
2998748,129028,1767
2998748,134514,1767
2998748,138303,1767
2998748,149089,1767
2998758,853,1768
2998758,3079,1768
2998758,3906,1768
2998758,4065,1768
2998758,4806,1768
2998758,6998,1768
2998758,8421,1768
2998758,9139,1768
2998758,10649,1768
2998758,12481,1768
2998758,13423,1768
2998758,14968,1768
2998758,16467,1768
2998758,16930,1768
2998758,18024,1768
2998758,20407,1768
2998758,20789,1768
2998758,24051,1768
2998758,24188,1768
2998758,24375,1768
2998758,25442,1768
2998758,26260,1768
2998758,27579,1768
2998758,30072,1769
2998758,30081,1769
2998758,30771,1769
2998758,32958,1769
2998758,33131,1769
2998758,33987,1769
2998758,34896,1769
2998758,37051,1769
2998758,39266,1769
2998758,40309,1769
2998758,40461,1769
2998758,42586,1769
2998758,42812,1769
2998758,42970,1769
2998758,43407,1769
2998758,43673,1769
2998758,44753,1769
2998758,44858,1769
2998758,47180,1769
2998758,48075,1769
2998758,50181,1769
2998758,50321,1769
2998758,51631,1769
2998758,54152,1769
2998758,54331,1769
2998758,55021,1769
2998758,55445,1769
2998758,56916,1769
2998758,57483,1769
2998758,57956,1769
2998758,58427,1769
2998758,59124,1769
2998758,59272,1769
2998758,60452,1769
2998758,61563,1769
2998758,62299,1769
2998758,63031,1769
2998758,63711,1769
2998758,63822,1769
2998758,63858,1769
2998758,63946,1769
2998758,64964,1769
2998758,67589,1769
2998758,68043,1769
2998758,69964,1769
2998758,71620,1769
2998758,72294,1769
2998758,73149,1769
2998758,73356,1769
2998758,73940,1769
2998758,74101,1769
2998758,74636,1769
2998758,75307,1769
2998758,75400,1769
2998758,77346,1769
2998758,78820,1769
2998758,80340,1769
2998758,82403,1769
2998758,82450,1769
2998758,87462,1769
2998758,89358,1769
2998758,89544,1769
2998758,90383,1769
2998758,91238,1769
2998758,92615,1769
2998758,93085,1769
2998758,94815,1770
2998758,95166,1770
2998758,96150,1770
2998758,96562,1770
2998758,96935,1770
2998758,97109,1770
2998758,97471,1770
2998758,97798,1770
2998758,98858,1770
2998758,103545,1770
2998758,103680,1770
2998758,105022,1770
2998758,105170,1770
2998758,108052,1770
2998758,108748,1770
2998758,108874,1770
2998758,109467,1770
2998758,109577,1770
2998758,109664,1770
2998758,110982,1770
2998758,112024,1770
2998758,112194,1770
2998758,112255,1770
2998758,114115,1770
2998758,115320,1770
2998758,116364,1770
2998758,117619,1770
2998758,119378,1770
2998758,119590,1770
2998758,121203,1770
2998758,121220,1770
2998758,122461,1770
2998758,123112,1770
2998758,123636,1770
2998758,124720,1770
2998758,125478,1770
2998758,125498,1770
2998758,125870,1770
2998758,126990,1770
2998758,129842,1770
2998758,132494,1770
2998758,132908,1770
2998758,133445,1770
2998758,133736,1770
2998758,133952,1770
2998758,134661,1770
2998758,135206,1770
2998758,137774,1770
2998758,139054,1770
2998758,140264,1770
2998758,140626,1770
2998758,141483,1770
2998758,145180,1770
2998849,13147,1766
2998849,20256,1766
2998849,23064,1766
2998849,23493,1766
2998849,35361,1766
2998849,35884,1766
2998849,38753,1766
2998849,39942,1766
2998849,44786,1766
2998849,50743,1766
2998849,69675,1766
2998849,72861,1766
2998849,79337,1766
2998849,82840,1766
2998849,85084,1766
2998849,90565,1766
2998849,92941,1766
2998849,95994,1766
2998849,98730,1766
2998849,104423,1766
2998849,105098,1766
2998849,109504,1766
2998849,112910,1766
2998849,122240,1766
2998849,130112,1766
2998849,130770,1766
2998849,130830,1766
2998849,140278,1766
2998849,146360,1766
2998849,148679,1766
2999051,8352,1772
2999051,12300,1772
2999051,12330,1772
2999051,13980,1772
2999051,14396,1772
2999051,15352,1772
2999051,16511,1772
2999051,18893,1772
2999051,27169,1772
2999051,28261,1772
2999051,35399,1772
2999051,41156,1772
2999051,41396,1772
2999051,43597,1772
2999051,48929,1772
2999051,50401,1772
2999051,61439,1772
2999051,63259,1772
2999051,64534,1772
2999051,65457,1772
2999051,69473,1772
2999051,78458,1772
2999051,78879,1772
2999051,88409,1772
2999051,102416,1772
2999051,106195,1772
2999051,108830,1772
2999051,109012,1772
2999051,109205,1772
2999051,118450,1772
2999051,126065,1772
2999051,128120,1772
2999051,128509,1772
2999051,129553,1772
2999051,129818,1772
2999051,132441,1772
2999051,133574,1772
2999051,136011,1772
2999051,146414,1772
2999051,147001,1772
2999106,5711,1773
2999106,10129,1773
2999106,10999,1773
2999106,19028,1773
2999106,23721,1773
2999106,25945,1773
2999106,31387,1773
2999106,31461,1773
2999106,32513,1773
2999106,49622,1773
2999106,56871,1773
2999106,60382,1773
2999106,60452,1773
2999106,61862,1773
2999106,66109,1773
2999106,66762,1773
2999106,77832,1773
2999106,86630,1773
2999106,87087,1773
2999106,92758,1773
leaf325.txt
