leaf
3478065,50084,3600
3478065,51699,3600
3478065,55647,3600
3478065,56512,3600
3478065,57342,3600
3478065,59691,3600
3478065,61232,3600
3478065,66109,3600
3478065,67196,3600
3478065,69101,3600
3478065,69118,3600
3478065,71221,3600
3478065,71424,3600
3478065,73204,3600
3478065,74434,3600
3478065,75828,3600
3478065,76848,3600
3478065,80299,3600
3478065,82469,3600
3478065,86756,3600
3478065,88410,3600
3478065,91172,3600
3478065,92844,3600
3478065,104314,3600
3478065,105434,3600
3478065,114927,3600
3478065,115019,3600
3478065,118237,3600
3478065,120529,3600
3478065,121010,3600
3478065,123334,3600
3478065,124600,3600
3478065,126557,3600
3478065,130134,3600
3478065,130646,3600
3478065,130814,3600
3478065,130821,3600
3478065,132984,3600
3478065,134835,3600
3478065,141058,3600
3478065,141246,3600
3478065,141748,3600
3478065,146285,3600
3478065,148223,3600
3478112,1759,3594
3478112,2871,3594
3478112,4244,3594
3478112,11102,3594
3478112,15274,3594
3478112,17926,3594
3478112,19484,3594
3478112,21056,3594
3478112,22316,3594
3478112,27823,3594
3478112,32328,3594
3478112,32625,3594
3478112,33259,3594
3478112,34386,3594
3478112,37959,3594
3478112,38543,3594
3478112,38867,3594
3478112,40065,3594
3478112,41549,3594
3478112,43867,3594
3478112,44321,3594
3478112,50448,3594
3478112,52423,3594
3478112,53227,3594
3478112,54643,3594
3478112,55428,3594
3478112,57012,3594
3478112,58574,3594
3478112,60308,3594
3478112,60968,3594
3478112,62101,3594
3478112,66954,3594
3478112,72936,3594
3478112,74441,3594
3478112,76433,3594
3478112,78411,3594
3478112,83398,3594
3478112,83592,3594
3478112,84274,3594
3478112,90502,3594
3478112,90641,3594
3478112,99418,3594
3478112,100444,3594
3478112,103138,3594
3478112,103839,3594
3478112,105317,3594
3478112,105532,3594
3478112,105777,3594
3478112,107850,3594
3478112,109261,3594
3478112,109819,3594
3478112,112143,3594
3478112,112981,3594
3478112,114614,3594
3478112,120369,3594
3478112,123512,3594
3478112,123826,3595
3478112,125811,3595
3478112,130914,3595
3478112,132899,3595
3478112,137445,3595
3478112,143579,3595
3478112,143881,3595
3478112,147010,3595
3478112,147356,3595
3478112,147474,3595
3478274,2706,3600
3478274,5413,3600
3478274,6119,3600
3478274,6578,3600
3478274,7294,3600
3478274,8093,3600
3478274,20278,3600
3478274,21983,3600
3478274,25785,3600
3478274,26212,3600
3478274,32015,3600
3478274,35949,3600
3478274,39044,3601
3478274,46398,3601
3478274,50538,3601
3478274,51507,3601
3478274,52503,3601
3478274,64348,3601
3478274,65383,3601
3478274,65794,3601
3478274,70669,3601
3478274,72600,3601
3478274,74428,3601
3478274,76459,3601
3478274,77684,3601
3478274,80943,3601
3478274,81150,3601
3478274,81291,3601
3478274,82662,3601
3478274,85074,3601
3478274,85422,3601
3478274,98289,3601
3478274,100044,3601
3478274,104195,3601
3478274,106149,3601
3478274,129686,3601
3478274,132481,3601
3478274,132543,3601
3478274,134715,3601
3478274,136979,3601
3478274,147086,3601
3478650,489,3598
3478650,4306,3598
3478650,10458,3598
3478650,13138,3598
3478650,13187,3598
3478650,14887,3598
3478650,20957,3598
3478650,21094,3598
3478650,24122,3598
3478650,24591,3598
3478650,25038,3598
3478650,26868,3599
3478650,26897,3599
3478650,28464,3599
3478650,28541,3599
3478650,29712,3599
3478650,31253,3599
3478650,32156,3599
3478650,38626,3599
3478650,39391,3599
3478650,46721,3599
3478650,48619,3599
3478650,54177,3599
3478650,56788,3599
3478650,57383,3599
3478650,60452,3599
3478650,62265,3599
3478650,62511,3599
3478650,69486,3599
3478650,71261,3599
3478650,73116,3599
3478650,75328,3599
3478650,78207,3599
3478650,78593,3599
3478650,80658,3599
3478650,80673,3599
3478650,81397,3599
3478650,83461,3599
3478650,86049,3599
3478650,86140,3599
3478650,86755,3599
3478650,89554,3599
3478650,91125,3599
3478650,91268,3599
3478650,92499,3599
3478650,94152,3599
3478650,94759,3599
3478650,102846,3599
3478650,104609,3599
3478650,106089,3599
3478650,110169,3599
3478650,112607,3599
3478650,112742,3599
3478650,113274,3599
3478650,114007,3599
3478650,116880,3599
3478650,117745,3599
3478650,118083,3599
3478650,120111,3599
3478650,120437,3599
3478650,123451,3599
3478650,128472,3599
3478650,135715,3599
3478650,138628,3599
3478650,138899,3599
3478650,140223,3599
3478650,141130,3599
3478650,142905,3599
3478671,1986,3595
3478671,6421,3595
3478671,7124,3595
3478671,8110,3595
3478671,8531,3595
3478671,9778,3595
3478671,10827,3595
3478671,12923,3595
3478671,14103,3595
3478671,14333,3595
3478671,17234,3595
3478671,18353,3595
3478671,19964,3595
3478671,20333,3595
3478671,20334,3595
3478671,32463,3595
3478671,33370,3595
3478671,35405,3595
3478671,36932,3595
3478671,46379,3595
3478671,49136,3595
3478671,49654,3595
3478671,53876,3595
3478671,54014,3595
3478671,60041,3595
3478671,65522,3595
3478671,67457,3595
3478671,69437,3595
3478671,71996,3595
3478671,79971,3595
3478671,80937,3595
3478671,85418,3595
3478671,85931,3595
3478671,89003,3595
3478671,89166,3595
3478671,89744,3595
3478671,89952,3595
3478671,91690,3595
3478671,94702,3595
3478671,99111,3595
3478671,101735,3595
3478671,102683,3595
3478671,103979,3595
3478671,105121,3595
3478671,105158,3595
3478671,106198,3595
3478671,107035,3595
3478671,108647,3595
3478671,108694,3595
3478671,109868,3595
3478671,112420,3595
3478671,112703,3595
3478671,113262,3595
3478671,114776,3595
3478671,115132,3595
3478671,116038,3595
3478671,117492,3596
3478671,119879,3596
3478671,121965,3596
3478671,122754,3596
3478671,122758,3596
3478671,123230,3596
3478671,125793,3596
3478671,128472,3596
3478671,131713,3596
3478671,131792,3596
3478671,133773,3596
3478671,137660,3596
3478671,139265,3596
3478671,141148,3596
3478671,143850,3596
3478671,148408,3596
3478671,148566,3596
3478671,148913,3596
3478721,3156,3596
3478721,3437,3596
3478721,3966,3596
3478721,5233,3596
3478721,5889,3596
3478721,7698,3596
3478721,11232,3596
3478721,13460,3596
3478721,17501,3596
3478721,22741,3596
3478721,36537,3596
3478721,40630,3596
3478721,42233,3596
3478721,42395,3596
3478721,45075,3596
3478721,50055,3596
3478721,52343,3596
3478721,52376,3596
3478721,65417,3596
3478721,68613,3596
3478721,69913,3596
3478721,71153,3596
3478721,71540,3596
3478721,73317,3596
3478721,74186,3596
3478721,77030,3596
3478721,90727,3596
3478721,93739,3596
3478721,97297,3596
3478721,98511,3596
3478721,99141,3596
3478721,99176,3596
3478721,99390,3596
3478721,103334,3596
3478721,104003,3596
3478721,105778,3596
3478721,110326,3596
3478721,110795,3596
3478721,115693,3596
3478721,120416,3596
3478721,130184,3596
3478721,141296,3596
3478721,141344,3596
3478721,144324,3596
3478721,147384,3596
3478721,147731,3596
3478721,148425,3596
3478735,3212,3596
3478735,3342,3597
3478735,4569,3597
3478735,5899,3597
3478735,6373,3597
3478735,7091,3597
3478735,7410,3597
3478735,11032,3597
3478735,11033,3597
3478735,11082,3597
3478735,11091,3597
3478735,13063,3597
3478735,13285,3597
3478735,13632,3597
3478735,14401,3597
3478735,15708,3597
3478735,16291,3597
3478735,16988,3597
3478735,17325,3597
3478735,17757,3597
3478735,19370,3597
leaf659.txt
