leaf
3215962,129037,2363
3215962,132891,2363
3215962,133077,2363
3215962,135893,2363
3215962,137040,2363
3215962,138259,2364
3215962,140946,2364
3216440,8369,2364
3216440,10991,2364
3216440,12653,2364
3216440,13834,2364
3216440,21919,2364
3216440,24537,2364
3216440,30680,2364
3216440,30781,2364
3216440,34869,2364
3216440,39645,2364
3216440,39738,2364
3216440,45868,2364
3216440,48971,2364
3216440,51295,2364
3216440,52244,2364
3216440,61710,2364
3216440,69208,2364
3216440,93732,2364
3216440,93796,2364
3216440,99282,2364
3216440,115289,2364
3216440,118300,2364
3216440,118943,2364
3216440,119793,2364
3216440,121382,2364
3216440,126614,2364
3216440,127728,2364
3216440,131207,2364
3216440,139206,2364
3216440,141967,2364
3216597,194,2364
3216597,1741,2364
3216597,2995,2364
3216597,4111,2364
3216597,4270,2364
3216597,7919,2364
3216597,8633,2364
3216597,11591,2364
3216597,13158,2364
3216597,15264,2364
3216597,16466,2364
3216597,16851,2364
3216597,26078,2364
3216597,27780,2364
3216597,28115,2364
3216597,29041,2364
3216597,30217,2364
3216597,30277,2364
3216597,30597,2364
3216597,31815,2364
3216597,32001,2364
3216597,32570,2364
3216597,33744,2364
3216597,35164,2364
3216597,36630,2364
3216597,36814,2364
3216597,37366,2364
3216597,37553,2364
3216597,39594,2364
3216597,40002,2364
3216597,40081,2364
3216597,40666,2364
3216597,40728,2364
3216597,42760,2364
3216597,42856,2365
3216597,44268,2365
3216597,44338,2365
3216597,46841,2365
3216597,53440,2365
3216597,55806,2365
3216597,61588,2365
3216597,62090,2365
3216597,64592,2365
3216597,66734,2365
3216597,67178,2365
3216597,67612,2365
3216597,72778,2365
3216597,74303,2365
3216597,76528,2365
3216597,80208,2365
3216597,80260,2365
3216597,83289,2365
3216597,86933,2365
3216597,86969,2365
3216597,87219,2365
3216597,87422,2365
3216597,89013,2365
3216597,90609,2365
3216597,91011,2365
3216597,93210,2365
3216597,94000,2365
3216597,94331,2365
3216597,94527,2365
3216597,94592,2365
3216597,95414,2365
3216597,96681,2365
3216597,97683,2365
3216597,98064,2365
3216597,101418,2365
3216597,101455,2365
3216597,102772,2365
3216597,103117,2365
3216597,105175,2365
3216597,105968,2365
3216597,106370,2365
3216597,106803,2365
3216597,108661,2365
3216597,109293,2365
3216597,110462,2365
3216597,113835,2365
3216597,116151,2365
3216597,116903,2365
3216597,117658,2365
3216597,118152,2365
3216597,121456,2365
3216597,121793,2365
3216597,123404,2365
3216597,123811,2365
3216597,125486,2365
3216597,125728,2365
3216597,125930,2365
3216597,127288,2365
3216597,129635,2365
3216597,131559,2365
3216597,134016,2365
3216597,134069,2365
3216597,135020,2365
3216597,135991,2365
3216597,138449,2365
3216597,140407,2365
3216597,141458,2366
3216597,142901,2366
3216597,146710,2366
3216597,147797,2366
3216597,148041,2366
3217865,35,2366
3217865,1282,2366
3217865,1604,2366
3217865,3848,2366
3217865,4604,2366
3217865,5970,2366
3217865,21004,2366
3217865,26631,2366
3217865,28645,2366
3217865,32387,2366
3217865,36442,2366
3217865,39742,2366
3217865,40993,2366
3217865,43144,2366
3217865,57801,2366
3217865,60980,2366
3217865,65498,2366
3217865,73049,2366
3217865,76721,2366
3217865,77446,2366
3217865,78136,2366
3217865,82161,2366
3217865,82860,2366
3217865,84999,2366
3217865,88601,2366
3217865,89011,2366
3217865,103747,2366
3217865,105098,2366
3217865,109848,2366
3217865,121966,2366
3217865,122267,2366
3217865,131647,2366
3217865,133029,2366
3217865,133233,2366
3217865,133953,2366
3217865,136951,2366
3217865,137555,2366
3217865,141539,2366
3217865,146866,2366
3218112,5589,2370
3218112,6414,2370
3218112,8401,2370
3218112,8585,2370
3218112,8608,2371
3218112,8835,2371
3218112,10331,2371
3218112,11093,2371
3218112,13002,2371
3218112,13010,2371
3218112,14114,2371
3218112,16413,2371
3218112,20337,2371
3218112,21331,2371
3218112,22347,2371
3218112,25635,2371
3218112,27452,2371
3218112,29542,2371
3218112,30570,2371
3218112,32408,2371
3218112,32761,2371
3218112,35335,2371
3218112,37577,2371
3218112,40130,2371
3218112,41302,2371
3218112,41786,2371
3218112,42320,2371
3218112,42461,2371
3218112,46527,2371
3218112,47608,2371
3218112,48446,2371
3218112,49756,2371
3218112,49994,2371
3218112,52437,2371
3218112,52598,2371
3218112,52869,2371
3218112,57357,2371
3218112,57641,2371
3218112,59541,2371
3218112,60353,2371
3218112,61272,2371
3218112,62054,2371
3218112,62460,2371
3218112,66434,2371
3218112,66971,2371
3218112,67416,2371
3218112,72763,2371
3218112,74828,2371
3218112,76195,2371
3218112,76737,2371
3218112,76940,2371
3218112,79034,2371
3218112,81625,2371
3218112,81736,2371
3218112,83425,2371
3218112,84368,2371
3218112,84544,2371
3218112,87379,2371
3218112,90118,2371
3218112,90825,2371
3218112,91963,2371
3218112,92574,2371
3218112,93451,2371
3218112,95387,2371
3218112,95839,2371
3218112,96814,2371
3218112,97433,2371
3218112,97866,2371
3218112,102007,2371
3218112,105572,2371
3218112,106930,2372
3218112,106932,2372
3218112,109379,2372
3218112,110968,2372
3218112,111161,2372
3218112,111254,2372
3218112,112900,2372
3218112,113693,2372
3218112,115021,2372
3218112,116117,2372
3218112,120301,2372
3218112,120371,2372
3218112,122731,2372
3218112,122872,2372
3218112,123743,2372
3218112,124207,2372
3218112,124976,2372
3218112,125552,2372
3218112,128708,2372
3218112,130275,2372
3218112,130993,2372
3218112,131099,2372
3218112,131119,2372
3218112,134234,2372
3218112,137943,2372
3218112,139979,2372
3218112,140919,2372
3218112,141434,2372
3218112,141730,2372
3218112,142238,2372
3218112,143727,2372
3218112,148967,2372
3218112,149018,2372
3218482,1272,2367
3218482,2204,2367
3218482,2682,2367
3218482,2708,2367
3218482,3359,2367
3218482,4569,2367
3218482,4892,2367
3218482,6183,2367
3218482,6838,2367
3218482,8044,2367
3218482,9897,2367
3218482,9955,2367
3218482,10079,2367
3218482,10541,2367
3218482,11033,2367
3218482,11479,2367
3218482,11600,2367
3218482,12272,2367
3218482,13974,2367
3218482,15714,2367
3218482,16155,2367
3218482,16291,2367
3218482,16557,2367
3218482,17325,2367
3218482,18328,2367
3218482,18832,2367
3218482,20308,2367
3218482,22418,2367
3218482,22563,2367
3218482,23010,2367
3218482,23438,2367
3218482,24521,2367
3218482,25443,2367
3218482,25635,2367
3218482,25776,2367
3218482,26878,2367
3218482,28383,2367
3218482,29293,2367
3218482,29436,2367
3218482,29852,2367
3218482,30122,2367
3218482,33110,2367
3218482,33472,2367
3218482,33847,2367
3218482,34306,2367
3218482,35816,2368
3218482,35877,2368
3218482,39157,2368
3218482,39494,2368
3218482,40364,2368
3218482,41003,2368
3218482,41724,2368
3218482,41765,2368
3218482,43497,2368
3218482,46664,2368
3218482,47293,2368
3218482,50482,2368
3218482,52828,2368
3218482,53325,2368
3218482,54449,2368
3218482,55726,2368
3218482,55838,2368
3218482,56362,2368
3218482,58880,2368
3218482,59713,2368
3218482,60216,2368
3218482,61072,2368
3218482,61147,2368
3218482,63597,2368
3218482,64569,2368
3218482,64662,2368
3218482,65142,2368
3218482,65233,2368
3218482,66122,2368
3218482,66126,2368
3218482,66206,2368
3218482,66504,2368
leaf434.txt
