leaf
2969885,131388,1718
2969885,132846,1718
2969885,133067,1718
2969885,133983,1718
2969885,135592,1718
2969885,136428,1718
2969885,139717,1718
2969885,142250,1718
2969885,145745,1718
2969885,146146,1718
2969885,147223,1718
2969885,147870,1718
2969885,147933,1718
2969885,148143,1718
2969923,1329,1718
2969923,13615,1718
2969923,14745,1718
2969923,16715,1718
2969923,29350,1718
2969923,31219,1718
2969923,31323,1718
2969923,41252,1718
2969923,43425,1718
2969923,54988,1718
2969923,59836,1718
2969923,64600,1718
2969923,67203,1718
2969923,77336,1718
2969923,101966,1718
2969923,105589,1718
2969923,108193,1718
2969923,110948,1718
2969923,111699,1718
2969923,121753,1719
2969923,124903,1719
2969923,130461,1719
2969923,140512,1719
2970291,359,1719
2970291,7197,1719
2970291,7445,1719
2970291,11345,1719
2970291,11634,1719
2970291,12573,1719
2970291,14870,1719
2970291,15109,1719
2970291,21777,1719
2970291,21831,1719
2970291,22037,1719
2970291,22854,1719
2970291,25084,1719
2970291,28301,1719
2970291,29716,1719
2970291,31079,1719
2970291,35180,1719
2970291,39709,1719
2970291,42424,1719
2970291,49184,1719
2970291,51807,1719
2970291,53374,1719
2970291,54481,1719
2970291,54652,1719
2970291,58236,1719
2970291,60506,1719
2970291,77444,1719
2970291,77629,1719
2970291,83345,1719
2970291,86544,1719
2970291,89132,1719
2970291,90218,1719
2970291,91762,1719
2970291,91782,1719
2970291,98915,1719
2970291,101412,1719
2970291,104126,1719
2970291,108807,1719
2970291,111053,1719
2970291,111896,1719
2970291,117274,1719
2970291,118453,1719
2970291,120674,1719
2970291,123970,1719
2970291,127400,1719
2970291,130316,1719
2970291,130771,1719
2970291,135063,1719
2970291,135068,1719
2970291,139192,1719
2970291,143480,1719
2970291,147176,1719
2970966,1604,1719
2970966,2595,1719
2970966,2905,1719
2970966,7839,1719
2970966,14152,1719
2970966,21207,1719
2970966,25696,1719
2970966,27195,1719
2970966,28185,1719
2970966,29141,1719
2970966,30760,1720
2970966,32409,1720
2970966,33131,1720
2970966,40652,1720
2970966,43250,1720
2970966,44536,1720
2970966,49203,1720
2970966,53443,1720
2970966,53477,1720
2970966,55130,1720
2970966,59141,1720
2970966,63650,1720
2970966,66733,1720
2970966,67640,1720
2970966,68752,1720
2970966,75563,1720
2970966,81967,1720
2970966,82682,1720
2970966,83446,1720
2970966,83980,1720
2970966,85429,1720
2970966,89073,1720
2970966,89506,1720
2970966,92223,1720
2970966,99026,1720
2970966,101731,1720
2970966,101883,1720
2970966,103785,1720
2970966,107607,1720
2970966,110919,1720
2970966,117607,1720
2970966,119714,1720
2970966,121915,1720
2970966,123446,1720
2970966,128033,1720
2970966,129174,1720
2970966,131365,1720
2970966,132643,1720
2970966,134062,1720
2970966,139338,1720
2970966,148178,1720
2971879,1240,1720
2971879,10577,1720
2971879,12540,1720
2971879,35894,1720
2971879,36455,1720
2971879,40446,1720
2971879,48064,1720
2971879,64899,1720
2971879,69374,1720
2971879,79358,1720
2971879,79654,1720
2971879,80451,1720
2971879,82259,1720
2971879,89611,1720
2971879,93829,1720
2971879,94086,1720
2971879,94556,1720
2971879,96884,1720
2971879,142596,1720
2971879,149228,1720
2972142,6453,1721
2972142,20304,1721
2972142,33392,1721
2972142,56165,1721
2972142,58631,1721
2972142,75220,1721
2972142,80000,1721
2972142,92365,1721
2972142,92614,1721
2972142,95135,1721
2972142,116906,1721
2972142,124690,1722
2972556,4254,1720
2972556,10971,1720
2972556,13213,1720
2972556,13519,1720
2972556,14904,1720
2972556,15029,1721
2972556,15246,1721
2972556,17871,1721
2972556,18286,1721
2972556,18372,1721
2972556,22883,1721
2972556,23563,1721
2972556,26036,1721
2972556,26698,1721
2972556,31678,1721
2972556,33342,1721
2972556,34342,1721
2972556,37352,1721
2972556,37372,1721
2972556,40219,1721
2972556,41895,1721
2972556,45995,1721
2972556,48219,1721
2972556,48267,1721
2972556,51846,1721
2972556,54081,1721
2972556,55017,1721
2972556,61974,1721
2972556,65162,1721
2972556,69540,1721
2972556,75418,1721
2972556,76069,1721
2972556,77959,1721
2972556,81047,1721
2972556,82840,1721
2972556,83446,1721
2972556,89424,1721
2972556,92624,1721
2972556,94628,1721
2972556,99010,1721
2972556,100244,1721
2972556,101513,1721
2972556,101744,1721
2972556,105098,1721
2972556,108215,1721
2972556,118451,1721
2972556,118796,1721
2972556,120833,1721
2972556,125557,1721
2972556,131593,1721
2972556,132447,1721
2972556,133389,1721
2972556,135554,1721
2972556,137469,1721
2972556,140115,1721
2972556,140769,1721
2972556,143442,1721
2972556,143918,1721
2972556,145210,1721
2972556,145972,1721
2973405,501,1722
2973405,5120,1722
2973405,5492,1722
2973405,5690,1722
2973405,7662,1722
2973405,7891,1722
2973405,10866,1722
2973405,10870,1722
2973405,12578,1722
2973405,14892,1722
2973405,16541,1722
2973405,18384,1722
2973405,20820,1722
2973405,21497,1722
2973405,22061,1722
2973405,23911,1722
2973405,25017,1722
2973405,30290,1722
2973405,31223,1722
2973405,32198,1722
2973405,33397,1722
2973405,33501,1722
2973405,36774,1722
2973405,36962,1722
2973405,37175,1722
2973405,37269,1722
2973405,42489,1722
2973405,43384,1722
2973405,44021,1722
2973405,44104,1722
2973405,44863,1722
2973405,45989,1722
2973405,48198,1722
2973405,49814,1722
2973405,51235,1722
2973405,52975,1722
2973405,54774,1722
2973405,56060,1722
2973405,56273,1722
2973405,56535,1722
2973405,57856,1722
2973405,58017,1722
2973405,58183,1722
2973405,58750,1722
2973405,59012,1722
2973405,59871,1722
2973405,60125,1722
2973405,61258,1722
2973405,62953,1722
2973405,65441,1722
2973405,65546,1722
2973405,66235,1722
2973405,67723,1722
2973405,69542,1722
2973405,69554,1722
2973405,70370,1722
2973405,70977,1722
2973405,74346,1722
2973405,79603,1722
2973405,80752,1722
2973405,80834,1722
2973405,81407,1722
2973405,82482,1722
2973405,83204,1722
2973405,83435,1722
2973405,86009,1723
2973405,88229,1723
2973405,91478,1723
2973405,93609,1723
2973405,94250,1723
2973405,100886,1723
2973405,102845,1723
2973405,104126,1723
2973405,107952,1723
2973405,108205,1723
2973405,109625,1723
2973405,109674,1723
2973405,112990,1723
2973405,115182,1723
2973405,115594,1723
2973405,117070,1723
2973405,117673,1723
2973405,119552,1723
2973405,120912,1723
2973405,120958,1723
2973405,122587,1723
2973405,124643,1723
2973405,125382,1723
2973405,126596,1723
2973405,126874,1723
2973405,127218,1723
2973405,128222,1723
2973405,131859,1723
2973405,134300,1723
2973405,134805,1723
2973405,134890,1723
2973405,135155,1723
2973405,135223,1723
2973405,136198,1723
2973405,138766,1723
2973405,140205,1723
2973405,142940,1723
2973405,142997,1723
2973405,144481,1723
2973405,145236,1723
2973405,145643,1723
2973405,145847,1723
2973405,146607,1723
2973405,146862,1723
2973405,147929,1723
2973405,148929,1723
2974479,3952,1723
2974479,9827,1723
2974479,32168,1723
2974479,44857,1723
2974479,48889,1723
2974479,51708,1723
2974479,54327,1723
2974479,58521,1723
2974479,58677,1723
2974479,59323,1723
2974479,60782,1723
2974479,70398,1723
2974479,81568,1723
2974479,87228,1723
2974479,92018,1723
2974479,96971,1723
2974479,101505,1723
2974479,110094,1723
leaf316.txt
