leaf
3488368,30850,3646
3488368,30979,3646
3488368,31869,3646
3488368,32235,3646
3488368,32382,3646
3488368,32435,3646
3488368,33344,3646
3488368,33466,3646
3488368,34290,3646
3488368,34347,3646
3488368,35830,3646
3488368,36210,3646
3488368,36852,3646
3488368,37093,3646
3488368,37211,3646
3488368,37669,3646
3488368,38879,3646
3488368,39805,3646
3488368,39829,3646
3488368,40012,3646
3488368,40147,3646
3488368,41000,3646
3488368,41069,3646
3488368,41373,3646
3488368,41602,3646
3488368,42826,3646
3488368,42872,3646
3488368,42902,3646
3488368,42951,3646
3488368,43049,3646
3488368,44014,3646
3488368,44308,3646
3488368,44408,3646
3488368,45208,3646
3488368,45230,3646
3488368,45428,3646
3488368,46270,3646
3488368,46655,3646
3488368,46690,3646
3488368,46948,3646
3488368,47189,3646
3488368,48686,3646
3488368,48825,3646
3488368,50266,3647
3488368,50808,3647
3488368,51002,3647
3488368,51021,3647
3488368,51499,3647
3488368,51793,3647
3488368,51859,3647
3488368,52502,3647
3488368,52669,3647
3488368,52711,3647
3488368,52828,3647
3488368,53118,3647
3488368,53817,3647
3488368,53998,3647
3488368,54646,3647
3488368,55181,3647
3488368,55307,3647
3488368,56003,3647
3488368,56074,3647
3488368,56208,3647
3488368,57053,3647
3488368,57396,3647
3488368,58089,3647
3488368,58101,3647
3488368,58240,3647
3488368,58551,3647
3488368,58661,3647
3488368,58767,3647
3488368,59106,3647
3488368,60216,3647
3488368,60274,3647
3488368,61152,3647
3488368,61169,3647
3488368,61387,3647
3488368,61648,3647
3488368,62752,3647
3488368,62942,3647
3488368,63271,3647
3488368,64241,3647
3488368,64548,3647
3488368,64873,3647
3488368,65037,3647
3488368,65332,3647
3488368,65929,3647
3488368,66279,3647
3488368,67185,3647
3488368,67849,3647
3488368,67979,3647
3488368,68760,3647
3488368,69287,3647
3488368,69535,3647
3488368,70179,3647
3488368,70230,3647
3488368,70737,3647
3488368,71860,3647
3488368,72195,3647
3488368,72434,3647
3488368,73469,3647
3488368,73591,3647
3488368,73821,3647
3488368,74091,3647
3488368,74897,3647
3488368,75702,3647
3488368,75785,3647
3488368,75832,3647
3488368,75903,3647
3488368,76446,3648
3488368,76813,3648
3488368,76958,3648
3488368,76983,3648
3488368,77163,3648
3488368,77352,3648
3488368,77508,3648
3488368,77923,3648
3488368,78524,3648
3488368,78674,3648
3488368,78804,3648
3488368,78938,3648
3488368,79022,3648
3488368,79428,3648
3488368,79653,3648
3488368,79921,3648
3488368,80603,3648
3488368,81221,3648
3488368,81866,3648
3488368,82007,3648
3488368,82368,3648
3488368,82467,3648
3488368,83174,3648
3488368,83534,3648
3488368,84027,3648
3488368,84370,3648
3488368,84445,3648
3488368,84748,3648
3488368,85758,3648
3488368,85764,3648
3488368,86060,3648
3488368,86696,3648
3488368,86988,3648
3488368,87211,3648
3488368,87348,3648
3488368,87693,3648
3488368,87990,3648
3488368,88037,3648
3488368,88379,3648
3488368,88660,3648
3488368,88769,3648
3488368,89306,3648
3488368,89432,3648
3488368,89599,3648
3488368,90915,3648
3488368,92076,3648
3488368,92391,3648
3488368,92544,3648
3488368,92812,3648
3488368,93177,3648
3488368,93334,3648
3488368,94034,3648
3488368,94243,3648
3488368,94265,3648
3488368,96390,3648
3488368,96539,3648
3488368,97394,3648
3488368,97813,3648
3488368,98248,3648
3488368,98469,3648
3488368,99170,3648
3488368,99360,3648
3488368,100304,3648
3488368,100936,3648
3488368,101012,3648
3488368,101817,3648
3488368,102178,3649
3488368,102232,3649
3488368,103096,3649
3488368,103300,3649
3488368,103835,3649
3488368,104841,3649
3488368,104896,3649
3488368,105333,3649
3488368,106235,3649
3488368,106723,3649
3488368,107327,3649
3488368,107349,3649
3488368,108045,3649
3488368,108174,3649
3488368,108990,3649
3488368,109217,3649
3488368,111049,3649
3488368,111535,3649
3488368,112668,3649
3488368,112712,3649
3488368,112765,3649
3488368,112838,3649
3488368,113523,3649
3488368,113902,3649
3488368,117976,3649
3488368,118086,3649
3488368,118455,3649
3488368,118473,3649
3488368,118756,3649
3488368,119242,3649
3488368,119344,3649
3488368,119525,3649
3488368,119844,3649
3488368,119902,3649
3488368,120875,3649
3488368,121471,3649
3488368,122224,3649
3488368,122361,3649
3488368,123670,3649
3488368,123843,3649
3488368,123864,3649
3488368,125640,3649
3488368,125713,3649
3488368,125820,3649
3488368,126619,3649
3488368,127170,3649
3488368,128380,3649
3488368,128703,3649
3488368,128805,3649
3488368,129477,3649
3488368,130526,3649
3488368,130654,3649
3488368,130877,3649
3488368,130908,3649
3488368,131080,3649
3488368,131187,3649
3488368,131443,3649
3488368,133367,3649
3488368,133379,3649
3488368,133421,3649
3488368,133998,3649
3488368,135548,3649
3488368,135604,3649
3488368,135695,3649
3488368,136450,3649
3488368,136713,3649
3488368,137101,3650
3488368,137375,3650
3488368,137606,3650
3488368,137636,3650
3488368,138351,3650
3488368,138821,3650
3488368,139227,3650
3488368,139878,3650
3488368,140758,3650
3488368,141006,3650
3488368,141286,3650
3488368,141400,3650
3488368,141877,3650
3488368,142536,3650
3488368,142583,3650
3488368,143222,3650
3488368,143438,3650
3488368,143650,3650
3488368,143931,3650
3488368,144168,3650
3488368,144861,3650
3488368,145570,3650
3488368,145845,3650
3488368,146663,3650
3488368,147143,3650
3488368,147445,3650
3488368,147594,3650
3488368,148339,3650
3488368,148470,3650
3488368,148972,3650
3488368,149236,3650
3488393,2970,3653
3488393,5258,3653
3488393,10633,3653
3488393,10682,3653
3488393,19179,3653
3488393,21088,3653
3488393,23407,3653
3488393,25863,3653
3488393,25928,3653
3488393,27370,3653
3488393,28345,3653
3488393,29801,3653
3488393,34919,3653
3488393,35884,3653
3488393,38377,3653
3488393,38387,3653
3488393,39241,3653
3488393,40103,3653
3488393,40482,3653
3488393,41378,3653
3488393,45339,3653
3488393,46570,3653
3488393,47331,3653
3488393,47389,3653
3488393,48450,3653
3488393,55225,3653
3488393,55532,3653
3488393,57111,3653
3488393,57454,3653
3488393,62393,3653
3488393,65404,3653
3488393,65657,3653
3488393,66289,3653
3488393,66301,3653
3488393,72397,3653
3488393,73463,3653
3488393,81674,3653
3488393,84604,3653
3488393,88842,3653
3488393,95506,3653
3488393,95730,3653
3488393,98563,3653
3488393,100071,3653
3488393,101437,3653
3488393,102650,3653
3488393,103516,3653
3488393,110892,3653
3488393,111876,3653
3488393,113743,3653
3488393,114255,3653
3488393,117180,3653
3488393,118303,3653
3488393,122218,3653
3488393,125512,3653
3488393,126355,3653
3488393,128183,3653
3488393,128509,3653
3488393,130644,3653
3488393,131589,3654
3488393,132490,3654
3488393,132510,3654
3488393,136898,3654
3488393,140826,3654
3488393,143710,3654
3488393,145050,3654
3488401,617,3654
3488401,2154,3654
3488401,4320,3654
3488401,6749,3654
3488401,10721,3654
3488401,11986,3654
3488401,15475,3654
3488401,17131,3654
3488401,17843,3654
3488401,21727,3654
3488401,22699,3654
3488401,26126,3654
3488401,27374,3654
3488401,27568,3654
3488401,30662,3654
3488401,31201,3654
3488401,34547,3654
3488401,38117,3654
3488401,43999,3654
3488401,44982,3654
3488401,46130,3654
3488401,50147,3654
3488401,52595,3654
3488401,54607,3654
leaf669.txt
