leaf
3569687,107826,3867
3569687,107998,3867
3569687,110656,3867
3569687,111005,3867
3569687,111446,3867
3569687,112788,3867
3569687,115934,3867
3569687,117318,3867
3569687,118920,3867
3569687,120769,3867
3569687,120795,3867
3569687,121203,3867
3569687,130265,3867
3569687,131484,3867
3569687,131490,3867
3569687,132151,3867
3569687,133831,3867
3569687,135009,3867
3569687,135179,3867
3569687,135290,3867
3569687,135688,3867
3569687,136751,3867
3569687,139985,3867
3569687,140950,3867
3569687,141565,3867
3569687,144692,3867
3569687,145857,3867
3569687,148240,3867
3569802,240,3867
3569802,1645,3867
3569802,2723,3867
3569802,2777,3867
3569802,5919,3867
3569802,6494,3867
3569802,6495,3867
3569802,6514,3867
3569802,6622,3867
3569802,6780,3867
3569802,8714,3867
3569802,9458,3867
3569802,9794,3867
3569802,10423,3867
3569802,11834,3867
3569802,11953,3867
3569802,12881,3867
3569802,14705,3867
3569802,16519,3867
3569802,18248,3867
3569802,18263,3867
3569802,19108,3867
3569802,19134,3867
3569802,19824,3867
3569802,20329,3868
3569802,20474,3868
3569802,21281,3868
3569802,21313,3868
3569802,22157,3868
3569802,22574,3868
3569802,24512,3868
3569802,24856,3868
3569802,26122,3868
3569802,26403,3868
3569802,26506,3868
3569802,26982,3868
3569802,28587,3868
3569802,29478,3868
3569802,29793,3868
3569802,30135,3868
3569802,30359,3868
3569802,31318,3868
3569802,31558,3868
3569802,33655,3868
3569802,34020,3868
3569802,35059,3868
3569802,36532,3868
3569802,36938,3868
3569802,37453,3868
3569802,37748,3868
3569802,37814,3868
3569802,37884,3868
3569802,38401,3868
3569802,38950,3868
3569802,39710,3868
3569802,40498,3868
3569802,43069,3868
3569802,43363,3868
3569802,43535,3868
3569802,44481,3868
3569802,45336,3868
3569802,47788,3868
3569802,47998,3868
3569802,48675,3868
3569802,48952,3868
3569802,49535,3868
3569802,49618,3868
3569802,53914,3868
3569802,54212,3868
3569802,54862,3868
3569802,55180,3868
3569802,55259,3868
3569802,57107,3868
3569802,59431,3868
3569802,59495,3868
3569802,60012,3868
3569802,62274,3868
3569802,63183,3868
3569802,64400,3868
3569802,64988,3868
3569802,65447,3868
3569802,65876,3868
3569802,66768,3868
3569802,66774,3868
3569802,67634,3868
3569802,67858,3868
3569802,67882,3868
3569802,68771,3868
3569802,71349,3868
3569802,73120,3868
3569802,73550,3869
3569802,74384,3869
3569802,75285,3869
3569802,76484,3869
3569802,77663,3869
3569802,81600,3869
3569802,82804,3869
3569802,83642,3869
3569802,83977,3869
3569802,84098,3869
3569802,85251,3869
3569802,86629,3869
3569802,87242,3869
3569802,87617,3869
3569802,88125,3869
3569802,89882,3869
3569802,89886,3869
3569802,94056,3869
3569802,94995,3869
3569802,97280,3869
3569802,97468,3869
3569802,98526,3869
3569802,99042,3869
3569802,99062,3869
3569802,100088,3869
3569802,101072,3869
3569802,102643,3869
3569802,102863,3869
3569802,104139,3869
3569802,105092,3869
3569802,105604,3869
3569802,105773,3869
3569802,105775,3869
3569802,105902,3869
3569802,106265,3869
3569802,106573,3869
3569802,107021,3869
3569802,107247,3869
3569802,107297,3869
3569802,107393,3869
3569802,109422,3869
3569802,111685,3869
3569802,111894,3869
3569802,111949,3869
3569802,112435,3869
3569802,113495,3869
3569802,113860,3869
3569802,113975,3869
3569802,114567,3869
3569802,116995,3869
3569802,118770,3869
3569802,119172,3869
3569802,119906,3869
3569802,120915,3869
3569802,121431,3869
3569802,121629,3869
3569802,121704,3869
3569802,121941,3869
3569802,122383,3869
3569802,122986,3869
3569802,124690,3869
3569802,125353,3869
3569802,125689,3869
3569802,126481,3869
3569802,126560,3869
3569802,126679,3869
3569802,128275,3870
3569802,128361,3870
3569802,129704,3870
3569802,129723,3870
3569802,129726,3870
3569802,130134,3870
3569802,131005,3870
3569802,132159,3870
3569802,132712,3870
3569802,132787,3870
3569802,132997,3870
3569802,133685,3870
3569802,134447,3870
3569802,134608,3870
3569802,134812,3870
3569802,135952,3870
3569802,136026,3870
3569802,136544,3870
3569802,137644,3870
3569802,137737,3870
3569802,138002,3870
3569802,139697,3870
3569802,139735,3870
3569802,140418,3870
3569802,140719,3870
3569802,140814,3870
3569802,140835,3870
3569802,140989,3870
3569802,141091,3870
3569802,141126,3870
3569802,142490,3870
3569802,143016,3870
3569802,144310,3870
3569802,145762,3870
3569802,145873,3870
3569802,145967,3870
3569802,146387,3870
3569802,147087,3870
3569802,147556,3870
3569802,147725,3870
3569802,147843,3870
3569802,148198,3870
3569802,148967,3870
3570094,2768,3873
3570094,5810,3873
3570094,9242,3873
3570094,11906,3873
3570094,11913,3873
3570094,14719,3873
3570094,15099,3873
3570094,22740,3873
3570094,29138,3873
3570094,32223,3873
3570094,35987,3873
3570094,42325,3873
3570094,48975,3873
3570094,49321,3873
3570094,51744,3873
3570094,52113,3873
3570094,63033,3873
3570094,68613,3873
3570094,73317,3873
3570094,76175,3873
3570094,78673,3873
3570094,80206,3873
3570094,84744,3873
3570094,84773,3873
3570094,86274,3873
3570094,86828,3873
3570094,90318,3873
3570094,90755,3873
3570094,90800,3873
3570094,91108,3873
3570094,93743,3873
3570094,94174,3873
3570094,97325,3873
3570094,99806,3873
3570094,100346,3873
3570094,102740,3873
3570094,102924,3873
3570094,104919,3873
3570094,114561,3873
3570094,116216,3873
3570094,119892,3873
3570094,120661,3873
3570094,123756,3873
3570094,131562,3873
3570094,135322,3873
3570094,136493,3873
3570094,136643,3873
3570094,146186,3873
3570094,146962,3873
3570094,148084,3873
3570178,4781,3874
3570178,5218,3874
3570178,11964,3874
3570178,12937,3874
3570178,13221,3874
3570178,14048,3874
3570178,15041,3874
3570178,22668,3874
3570178,24412,3874
3570178,24945,3874
3570178,28131,3874
3570178,28614,3874
3570178,29014,3874
3570178,30977,3874
3570178,31905,3874
3570178,34203,3874
3570178,38490,3874
3570178,43485,3874
3570178,46218,3875
3570178,49762,3875
3570178,54745,3875
3570178,56201,3875
3570178,58397,3875
3570178,58798,3875
3570178,64083,3875
3570178,64273,3875
3570178,66330,3875
3570178,66945,3875
3570178,68313,3875
3570178,76081,3875
3570178,77025,3875
3570178,77413,3875
3570178,77614,3875
3570178,77817,3875
3570178,78082,3875
3570178,82907,3875
3570178,84157,3875
3570178,85998,3875
3570178,86039,3875
3570178,90581,3875
3570178,96414,3875
3570178,96717,3875
3570178,101389,3875
3570178,103559,3875
3570178,103684,3875
3570178,104088,3875
3570178,104664,3875
3570178,106550,3875
3570178,106579,3875
3570178,110555,3875
3570178,111220,3875
3570178,121650,3875
3570178,124722,3875
3570178,125035,3875
3570178,125983,3875
3570178,127958,3875
3570178,135271,3875
3570178,136044,3875
3570178,141723,3875
3570178,146989,3875
3570178,147823,3875
3570178,148471,3875
3570361,1573,3871
3570361,1893,3871
3570361,3342,3871
3570361,3349,3871
3570361,5289,3871
3570361,6440,3871
3570361,6945,3871
3570361,10603,3871
3570361,10931,3871
3570361,11175,3871
3570361,11932,3871
3570361,17355,3871
3570361,17757,3871
3570361,20099,3871
3570361,20340,3871
3570361,21105,3871
3570361,22527,3871
3570361,24188,3871
3570361,25058,3871
3570361,25532,3871
3570361,26838,3871
3570361,27895,3871
leaf709.txt
