leaf
3300239,59022,2652
3300239,59982,2652
3300239,63395,2652
3300239,63949,2652
3300239,64122,2652
3300239,64544,2652
3300239,64936,2652
3300239,66200,2652
3300239,67594,2652
3300239,72318,2652
3300239,73578,2652
3300239,74036,2652
3300239,75339,2652
3300239,77376,2652
3300239,90863,2652
3300239,92768,2652
3300239,93147,2652
3300239,94800,2652
3300239,94865,2652
3300239,95690,2652
3300239,96122,2653
3300239,98589,2653
3300239,100076,2653
3300239,103608,2653
3300239,107275,2653
3300239,107631,2653
3300239,110183,2653
3300239,110694,2653
3300239,110760,2653
3300239,111070,2653
3300239,111504,2653
3300239,112165,2653
3300239,112492,2653
3300239,114739,2653
3300239,115291,2653
3300239,118939,2653
3300239,119108,2653
3300239,122822,2653
3300239,124157,2653
3300239,127611,2653
3300239,128565,2653
3300239,130438,2653
3300239,131853,2653
3300239,132654,2653
3300239,135350,2653
3300239,135628,2653
3300239,138784,2653
3300239,139923,2653
3300239,141156,2653
3300239,141533,2653
3300239,144798,2653
3300239,145986,2653
3300239,149008,2653
3300330,4532,2653
3300330,4934,2653
3300330,6193,2653
3300330,6863,2653
3300330,8217,2653
3300330,10635,2653
3300330,16338,2653
3300330,21851,2653
3300330,22189,2653
3300330,25138,2653
3300330,27410,2653
3300330,30372,2653
3300330,41908,2653
3300330,45859,2653
3300330,48803,2653
3300330,49328,2653
3300330,54549,2653
3300330,62819,2653
3300330,64236,2653
3300330,65035,2654
3300330,66221,2654
3300330,73077,2654
3300330,73172,2654
3300330,73797,2654
3300330,76518,2654
3300330,81896,2654
3300330,82588,2654
3300330,83907,2654
3300330,87319,2654
3300330,88095,2654
3300330,88845,2654
3300330,88955,2654
3300330,95503,2654
3300330,95778,2654
3300330,97339,2654
3300330,98732,2654
3300330,101356,2654
3300330,101727,2654
3300330,106485,2654
3300330,108857,2654
3300330,112438,2654
3300330,114734,2654
3300330,123274,2654
3300330,126032,2654
3300330,130949,2654
3300330,135062,2654
3300330,136359,2654
3300330,138100,2654
3300330,139613,2654
3300330,139846,2654
3300330,140936,2654
3300330,145056,2654
3300330,147257,2654
3300556,24363,2653
3300556,28483,2653
3300556,40924,2653
3300556,48929,2653
3300556,58234,2653
3300556,92397,2653
3300556,93441,2653
3300556,94889,2653
3300556,117555,2653
3300556,123686,2653
3300556,126059,2653
3300556,130755,2653
3300556,135628,2653
3300556,135938,2653
3301099,2891,2657
3301099,3760,2657
3301099,4453,2657
3301099,7384,2657
3301099,7656,2657
3301099,8850,2657
3301099,9031,2657
3301099,10581,2657
3301099,12095,2657
3301099,12132,2657
3301099,15578,2657
3301099,15783,2657
3301099,16140,2657
3301099,17041,2657
3301099,17439,2657
3301099,18148,2657
3301099,18163,2657
3301099,18250,2657
3301099,18895,2657
3301099,19551,2657
3301099,20637,2657
3301099,21158,2657
3301099,22476,2657
3301099,22981,2657
3301099,23921,2657
3301099,27159,2657
3301099,27193,2657
3301099,27723,2657
3301099,27988,2657
3301099,28617,2657
3301099,29607,2657
3301099,29806,2657
3301099,30534,2657
3301099,32131,2657
3301099,33556,2657
3301099,35507,2657
3301099,35784,2657
3301099,35793,2658
3301099,36782,2658
3301099,39145,2658
3301099,39598,2658
3301099,41368,2658
3301099,41752,2658
3301099,43765,2658
3301099,44087,2658
3301099,44742,2658
3301099,45118,2658
3301099,46306,2658
3301099,46442,2658
3301099,48684,2658
3301099,48715,2658
3301099,49389,2658
3301099,49803,2658
3301099,50041,2658
3301099,50125,2658
3301099,51373,2658
3301099,51520,2658
3301099,52103,2658
3301099,53416,2658
3301099,54003,2658
3301099,54682,2658
3301099,56445,2658
3301099,56949,2658
3301099,57434,2658
3301099,59385,2658
3301099,59754,2658
3301099,59914,2658
3301099,59984,2658
3301099,60720,2658
3301099,61066,2658
3301099,61162,2658
3301099,62723,2658
3301099,65269,2658
3301099,65704,2658
3301099,65803,2658
3301099,70603,2658
3301099,72937,2658
3301099,73142,2658
3301099,73318,2658
3301099,73688,2658
3301099,73774,2658
3301099,74027,2658
3301099,74838,2658
3301099,76455,2658
3301099,77478,2658
3301099,80038,2658
3301099,80124,2658
3301099,80248,2658
3301099,80706,2658
3301099,80847,2658
3301099,81031,2658
3301099,81057,2658
3301099,81153,2658
3301099,84246,2658
3301099,85032,2658
3301099,86209,2658
3301099,86735,2658
3301099,86825,2658
3301099,87246,2658
3301099,87546,2658
3301099,87981,2658
3301099,88879,2658
3301099,89526,2658
3301099,90162,2659
3301099,92050,2659
3301099,93185,2659
3301099,94483,2659
3301099,95758,2659
3301099,98417,2659
3301099,98537,2659
3301099,100762,2659
3301099,102116,2659
3301099,103171,2659
3301099,105112,2659
3301099,105163,2659
3301099,106117,2659
3301099,107081,2659
3301099,107479,2659
3301099,107898,2659
3301099,112281,2659
3301099,112846,2659
3301099,114417,2659
3301099,115701,2659
3301099,115821,2659
3301099,117207,2659
3301099,117784,2659
3301099,117943,2659
3301099,120991,2659
3301099,121747,2659
3301099,124186,2659
3301099,124710,2659
3301099,126915,2659
3301099,127178,2659
3301099,127315,2659
3301099,128775,2659
3301099,129238,2659
3301099,129938,2659
3301099,130250,2659
3301099,131453,2659
3301099,131933,2659
3301099,133748,2659
3301099,134444,2659
3301099,135479,2659
3301099,135867,2659
3301099,137654,2659
3301099,137882,2659
3301099,138904,2659
3301099,142062,2659
3301099,142244,2659
3301099,143358,2659
3301099,143892,2659
3301099,146984,2659
3301099,147048,2659
3301099,147632,2659
3301099,149138,2659
3301242,1388,2655
3301242,6321,2655
3301242,10032,2655
3301242,19490,2655
3301242,44206,2655
3301242,44907,2655
3301242,48162,2655
3301242,48189,2655
3301242,50963,2655
3301242,54239,2655
3301242,55644,2655
3301242,56342,2655
3301242,57575,2655
3301242,68562,2655
3301242,72498,2655
3301242,77541,2655
3301242,79931,2655
3301242,81515,2655
3301242,94306,2655
3301242,97250,2655
3301242,111915,2655
3301242,120722,2655
3301242,125811,2655
3301242,147670,2655
3301242,148354,2656
3301272,2613,2656
3301272,4642,2656
3301272,4984,2656
3301272,5704,2656
3301272,6169,2656
3301272,6596,2656
3301272,7645,2656
3301272,10147,2656
3301272,10352,2656
3301272,12507,2656
3301272,16117,2656
3301272,18568,2656
3301272,24261,2656
3301272,31742,2656
3301272,31902,2656
3301272,32560,2656
3301272,35318,2656
3301272,38895,2656
3301272,40567,2656
3301272,45370,2656
3301272,48590,2656
3301272,51923,2656
3301272,55167,2656
3301272,57241,2656
3301272,59308,2656
3301272,59962,2656
3301272,60529,2656
3301272,69653,2656
3301272,70893,2656
3301272,71838,2656
3301272,72498,2656
3301272,75255,2656
3301272,77187,2656
3301272,79263,2656
3301272,81520,2656
3301272,83280,2656
3301272,85749,2656
3301272,87094,2656
3301272,87163,2656
3301272,91203,2656
3301272,92079,2656
3301272,97410,2656
3301272,99844,2656
3301272,100618,2656
3301272,101197,2656
3301272,102117,2657
3301272,102477,2657
3301272,104057,2657
3301272,104375,2657
3301272,104851,2657
3301272,105459,2657
3301272,106001,2657
3301272,106757,2657
3301272,110788,2657
3301272,114541,2657
3301272,114623,2657
3301272,117538,2657
3301272,118645,2657
3301272,119542,2657
3301272,122471,2657
3301272,123091,2657
leaf487.txt
